02 00 00 00 07 00 00 00 61 4A 6B 14 D5 39 F4 25
49 8A B6 DF 86 A4 99 A9 00 00 00 00 00 00 00 00
00 00 00 00 00 00 00 00 D8 00 00 00 00 00 00 00
94 93 D0 FC F6 67 6C DD D3 40 E7 65 00 00 00 00
0C 00 04 00 04 00 1B 00 DA 20 01 00 DA 20 01 00
00 00 07 00 00 00 07 00 00 00 01 00 00 00 01 00
00 00 01 00 00 00 07 00 00 00 07 00 A6 11 01 00
F7 70 02 00 99 AB 01 00 48 21 0F 00 48 21 0F 00
00 00 08 00 00 00 08 00 00 00 0E 00 55 EC 06 00
55 EC 06 00 00 00 0C 00 00 00 0C 00 0E 10 07 00
00 00 0A 00 65 54 03 00 D9 9A 19 00 D9 9A 19 00
00 00 0B 00 00 00 0B 00 00 00 18 00 A9 13 0A 00
A9 13 0A 00 00 00 12 00 00 00 12 00 D7 CB 0A 00
00 00 12 00 00 00 07 00 02 23 1B 00 02 23 1B 00
FF FF 0F 00 FF FF 0F 00 FF FF 19 00 00 00 00 00
00 00 00 00 FF FF 19 00 FF FF 19 00 72 12 0F 00
07 8F 1A 00 00 00 00 00 07 00 00 00 00 00 00 00
AC 41 63 AB 04 41 5F 75 7D 8A AA DB F6 76 1E FD
58 7B 24 8B 01 00 00 00 00 00 00 00 B9 0D 01 47
50 45 80 BF B3 FA 5C 1D 6E 08 A7 96 E8 39 AB B4
05 00 00 00 00 00 00 00 50 55 BB C5 71 48 60 E1
63 A3 4C 6B 10 03 B4 67 74 E4 09 B7 00 00 00 00
00 00 00 00 95 1A 60 13 F6 44 66 E8 64 54 00 73
B3 5F B1 BC 91 C0 92 A1 00 00 00 00 00 00 00 00
22 EE 87 17 96 49 F2 6D 0A 88 74 A0 C2 90 27 4A
20 3E E2 89 00 00 00 00 00 00 00 00 E2 04 0B 19
3B 44 48 A4 13 C1 17 62 11 8E BA 08 B1 1B AA 82
00 00 00 00 00 00 00 00 1C BB EF 98 39 4D A7 D3
57 E3 90 85 C7 36 B2 EC 99 D1 FF 88 00 00 00 00
06 00 00 00 05 00 00 00 34 EB 8B A9 98 4D E4 F9
95 82 7A 6A E2 C6 C3 AD 43 74 AA 82 7C FD 98 A0
00 00 00 00 00 00 00 00 00 00 00 00 00 00 00 00
01 00 00 00 05 00 00 00 8E 9E 12 72 02 00 00 00
00 00 00 00 04 00 00 00 00 00 00 00 00 00 00 00
00 00 00 00 00 00 00 00 00 09 00 00 00 00 00 00
00 00 00 00 00 00 00 00 00 00 19 00 00 00 00 00
00 00 E2 27 77 E8 02 31 05 3F 00 00 00 00 58 CB
61 93 1B 41 06 3F 00 00 00 00 0F D2 4A 55 F5 18
0A 3F 00 00 00 00 64 12 C4 CF 9B 58 13 3F 00 00
00 00 B0 83 58 B9 00 00 00 00 00 00 00 00 C3 50
F7 9C 00 00 00 00 00 00 00 00 DF 44 06 A9 00 00
00 00 00 00 00 00 87 A9 71 C8 00 00 80 3F 00 00
00 00 F4 7A DE ED 00 00 80 3F 00 00 00 00 E8 6E
2F D8 00 00 80 3F 00 00 00 00 BA 26 E5 CA 00 00
80 3F 00 00 00 00 02 ED 26 05 00 00 00 00 00 00
00 00 71 3E 89 20 00 00 00 00 00 00 00 00 6D 2A
78 15 00 00 00 00 00 00 00 00 D7 D5 E3 9B 00 00
80 3F 00 00 00 00 A4 06 4C BE 00 00 80 3F 00 00
00 00 B8 12 BD 8B 00 00 80 3F 00 00 00 00 D3 A1
A1 11 00 00 80 3F 00 00 00 00 C3 1A 57 92 00 00
00 00 00 00 00 00 B0 C9 F8 B7 00 00 00 00 00 00
00 00 AC DD 09 82 00 00 00 00 00 00 00 00 E7 01
92 AA 00 00 80 3F 00 00 00 00 94 D2 3D 8F 00 00
80 3F 00 00 00 00 88 C6 CC BA 00 00 80 3F 00 00
00 00 F4 DC 9D 58 00 00 80 3F 00 00 00 00 16 00
00 00 00 00 00 00 97 07 53 BD B5 88 6B FF 00 00
00 00 90 1D 9B B2 00 00 00 FF 00 00 00 00 2F 0E
23 E3 00 00 00 FF 00 00 00 00 36 E7 C0 2E 00 00
00 FF 00 00 00 00 93 1A 08 1A B8 B8 B8 FF 00 00
00 00 2C 09 B0 4B B8 B8 B8 FF 00 00 00 00 35 E0
53 86 B8 B8 B8 FF 00 00 00 00 92 E7 86 7D 00 00
00 FF 00 00 00 00 2D F4 3E 2C 00 00 00 FF 00 00
00 00 34 1D DD E1 00 00 00 FF 00 00 00 00 EC 83
A5 64 08 00 00 00 00 00 00 00 18 70 F5 77 08 00
00 00 00 00 00 00 98 E5 F3 E9 00 00 00 00 00 00
00 00 6C 16 A3 FA 00 00 00 00 00 00 00 00 F2 79
B3 3C 08 00 00 00 00 00 00 00 06 8A E3 2F 08 00
00 00 00 00 00 00 F1 62 B7 32 00 00 00 00 00 00
00 00 05 91 E7 21 00 00 00 00 00 00 00 00 57 02
E5 F7 08 00 00 00 00 00 00 00 A3 F1 B5 E4 08 00
00 00 00 00 00 00 D6 1F 8B 7B 00 00 00 00 00 00
00 00 22 EC DB 68 00 00 00 00 00 00 00 00 05 00
00 00 47 69 83 6C 00 00 00 00 00 00 00 00 00 00
00 00 00 00 00 00 9E 5A FD D4 00 00 00 00 00 00
00 00 00 00 00 00 00 00 00 00 01 00 00 00 05 00
00 00 17 AD 1F 1F 00 00 00 00 07 00 00 00 00 00
00 00 5A C1 F6 4A 63 5C 50 3E 00 00 00 00 D9 0B
37 C3 D3 A0 63 3E 00 00 00 00 A3 00 FA B9 07 32
5D 3F 00 00 00 00 AF F0 FB 62 00 12 03 3A 00 00
00 00 76 40 08 06 48 26 4E 3E 00 00 00 00 C8 A7
9A A5 CD CC CC 3D 00 00 00 00 74 B6 7E 02 7A 03
08 3D 00 00 00 00 02 00 00 00 00 00 00 00 14 08
E9 15 FE FE FE FF 00 00 00 00 09 C9 C7 A2 FE FE
FE FF 00 00 00 00 05 00 00 00 93 4D 27 9B 00 00
00 00 00 00 00 00 00 00 00 00 00 00 00 00 39 05
50 7C 00 00 00 00 00 00 00 00 00 00 00 00 00 00
00 00 01 00 00 00 05 00 00 00 75 01 D7 A0 00 00
00 00 07 00 00 00 00 00 00 00 5A C1 F6 4A C3 1B
03 3F 00 00 00 00 D9 0B 37 C3 C9 82 8D 3D 00 00
00 00 A3 00 FA B9 07 32 5D 3F 00 00 00 00 AF F0
FB 62 00 12 03 3A 00 00 00 00 76 40 08 06 9D 5B
34 3F 00 00 00 00 C8 A7 9A A5 2B 27 19 3F 00 00
00 00 74 B6 7E 02 10 28 FD 3C 00 00 00 00 02 00
00 00 00 00 00 00 14 08 E9 15 FE FE FE FF 00 00
00 00 09 C9 C7 A2 FE FE FE FF 00 00 00 00 05 00
00 00 BD C8 8A 07 00 00 00 00 00 00 00 00 00 00
00 00 00 00 00 00 1D 80 7F 17 00 00 00 00 00 00
00 00 00 00 00 00 00 00 00 00 01 00 00 00 05 00
00 00 0A C9 C7 EB 00 00 00 00 07 00 00 00 00 00
00 00 5A C1 F6 4A 35 3B A3 3E 00 00 00 00 D9 0B
37 C3 3B 71 AD 3E 00 00 00 00 A3 00 FA B9 07 32
5D 3F 00 00 00 00 AF F0 FB 62 00 12 03 3A 00 00
00 00 76 40 08 06 00 00 00 00 00 00 00 00 C8 A7
9A A5 CD CC CC 3D 00 00 00 00 74 B6 7E 02 A5 CB
E3 3C 00 00 00 00 02 00 00 00 00 00 00 00 14 08
E9 15 FE FE FE FF 00 00 00 00 09 C9 C7 A2 FE FE
FE FF 00 00 00 00 05 00 00 00 5E 88 47 A0 00 00
00 00 00 00 00 00 00 00 00 00 00 00 00 00 55 F0
9D CE 00 00 00 00 00 00 00 00 00 00 00 00 00 00
00 00 01 00 00 00 05 00 00 00 4B C4 36 97 00 00
00 00 00 00 00 00 00 00 00 00 01 00 00 00 00 00
00 00 AC 34 2A 44 44 16 00 FF 00 00 00 00 05 00
00 00 58 4D 42 27 F5 48 68 85 A3 42 50 FA 2D 1B
19 98 DC 02 36 BF 9A 1B B3 61 00 00 00 00 00 00
00 00 00 00 00 00 00 00 00 00 02 00 00 00 05 00
00 00 A9 79 C9 73 00 00 00 00 00 00 00 00 00 00
00 00 01 00 00 00 00 00 00 00 97 07 53 BD B5 88
6B FF 00 00 00 00 05 00 00 00 2C A1 1F A4 00 00
00 00 00 00 00 00 00 00 00 00 01 00 00 00 00 00
00 00 97 07 53 BD B5 88 6B FF 00 00 00 00
