02 00 00 00 07 00 00 00 AD 4C B0 EF 94 4A 79 D0
53 C2 D3 B4 58 25 38 AD 00 00 00 00 00 00 00 00
00 00 00 00 00 00 00 00 D8 00 00 00 00 00 00 00
94 93 D0 FC 54 EB F4 9E 04 52 D7 65 00 00 00 00
0C 00 04 00 04 00 2A 00 14 14 02 00 14 14 02 00
FF FF 01 00 FF FF 01 00 D3 80 05 00 9F 31 0E 00
9F 31 0E 00 F4 2C 04 00 F4 2C 04 00 2C 18 03 00
31 24 0D 00 CF 14 05 00 D1 1F 04 00 D1 1F 04 00
00 00 00 00 00 00 00 00 78 1D 09 00 FD 40 10 00
FD 40 10 00 05 31 06 00 05 31 06 00 E4 70 05 00
67 83 1B 00 A2 4B 06 00 D9 56 07 00 D9 56 07 00
00 00 00 00 00 00 00 00 35 15 16 00 0D 75 16 00
0D 75 16 00 05 A2 08 00 05 A2 08 00 D8 69 08 00
66 58 2A 00 DB 87 0D 00 3F 75 27 00 3F 75 27 00
00 00 00 00 00 00 00 00 7E 4C 26 00 54 18 2A 00
54 18 2A 00 00 00 00 00 00 00 00 00 15 0D 0A 00
00 00 00 00 B2 17 0F 00 06 00 00 00 00 00 00 00
AC 41 63 AB 04 41 5F 75 7D 8A AA DB F6 76 1E FD
58 7B 24 8B 01 00 00 00 00 00 00 00 B9 0D 01 47
50 45 80 BF B3 FA 5C 1D 6E 08 A7 96 E8 39 AB B4
04 00 00 00 00 00 00 00 50 55 BB C5 71 48 60 E1
63 A3 4C 6B 10 03 B4 67 74 E4 09 B7 00 00 00 00
00 00 00 00 95 1A 60 13 5F 48 82 D9 17 DC EE 57
22 20 82 F3 1D 16 BC 98 00 00 00 00 00 00 00 00
22 EE 87 17 4E 4E 9C 65 E4 83 01 C4 67 9D 3B 3A
B3 70 96 8F 00 00 00 00 00 00 00 00 E2 04 0B 19
3B 44 48 A4 13 C1 17 62 11 8E BA 08 B1 1B AA 82
00 00 00 00 05 00 00 00 05 00 00 00 34 EB 8B A9
6A 44 54 E7 88 B2 8C AA 4E 91 D9 7A 10 98 F0 B8
4A ED 4D 63 00 00 00 00 00 00 00 00 00 00 00 00
00 00 00 00 01 00 00 00 05 00 00 00 8E 9E 12 72
05 00 00 00 00 00 00 00 04 00 00 00 00 00 00 00
00 00 00 00 00 00 00 00 00 00 00 00 00 09 00 00
00 00 00 00 00 00 00 00 00 00 00 00 00 00 00 00
00 00 0C A2 4D E5 B9 C9 46 9A 22 2C E5 42 76 00
8F 5E 87 00 00 00 00 0D 00 00 00 00 00 00 00 00
00 00 00 00 00 00 00 00 00 00 00 00 0E C1 43 42
91 34 31 72 DB 35 61 17 6C E3 AC C0 84 19 00 00
00 00 00 00 00 E2 27 77 E8 6F A0 3A 3E 00 00 00
00 58 CB 61 93 47 66 4B 3F 00 00 00 00 0F D2 4A
55 00 00 00 00 00 00 00 00 64 12 C4 CF 00 00 00
00 00 00 00 00 B0 83 58 B9 E8 C8 5A 3F 00 00 00
00 C3 50 F7 9C E8 C8 5A 3F 00 00 00 00 DF 44 06
A9 E8 C8 5A 3F 00 00 00 00 87 A9 71 C8 A2 BA D7
3E 00 00 00 00 F4 7A DE ED A2 BA D7 3E 00 00 00
00 E8 6E 2F D8 A2 BA D7 3E 00 00 00 00 BA 26 E5
CA 27 12 57 3F 00 00 00 00 02 ED 26 05 00 00 00
00 00 00 00 00 71 3E 89 20 00 00 00 00 00 00 00
00 6D 2A 78 15 00 00 00 00 00 00 00 00 D7 D5 E3
9B 9A 99 99 3E 00 00 00 00 A4 06 4C BE 9A 99 99
3E 00 00 00 00 B8 12 BD 8B 9A 99 99 3E 00 00 00
00 D3 A1 A1 11 9F 18 23 3E 00 00 00 00 C3 1A 57
92 AC BC 48 3F 00 00 00 00 B0 C9 F8 B7 AC BC 48
3F 00 00 00 00 AC DD 09 82 AC BC 48 3F 00 00 00
00 E7 01 92 AA A7 1B 18 3F 00 00 00 00 94 D2 3D
8F A7 1B 18 3F 00 00 00 00 88 C6 CC BA A7 1B 18
3F 00 00 00 00 F4 DC 9D 58 44 C4 00 3F 00 00 00
00 16 00 00 00 00 00 00 00 97 07 53 BD BD 88 71
FF 00 00 00 00 90 1D 9B B2 00 00 00 FF 00 00 00
00 2F 0E 23 E3 00 00 00 FF 00 00 00 00 36 E7 C0
2E 00 00 00 FF 00 00 00 00 93 1A 08 1A 00 00 00
FF 00 00 00 00 2C 09 B0 4B 00 00 00 FF 00 00 00
00 35 E0 53 86 8C 0B 45 FF 00 00 00 00 92 E7 86
7D C8 63 2B FF 00 00 00 00 2D F4 3E 2C 53 1A 0C
FF 00 00 00 00 34 1D DD E1 8C 37 18 FF 00 00 00
00 EC 83 A5 64 08 00 00 00 00 00 00 00 18 70 F5
77 08 00 00 00 00 00 00 00 98 E5 F3 E9 00 00 00
00 00 00 00 00 6C 16 A3 FA 00 00 00 00 00 00 00
00 F2 79 B3 3C 08 00 00 00 00 00 00 00 06 8A E3
2F 04 00 00 00 00 00 00 00 F1 62 B7 32 00 00 00
00 00 00 00 00 05 91 E7 21 00 00 00 00 00 00 00
00 57 02 E5 F7 08 00 00 00 00 00 00 00 A3 F1 B5
E4 08 00 00 00 00 00 00 00 D6 1F 8B 7B 00 00 00
00 00 00 00 00 22 EC DB 68 00 00 00 00 00 00 00
00 05 00 00 00 47 69 83 6C 00 00 00 00 00 00 00
00 00 00 00 00 00 00 00 00 5B 91 F9 F2 00 00 00
00 00 00 00 00 00 00 00 00 00 00 00 00 01 00 00
00 05 00 00 00 02 0B 17 13 00 00 00 00 07 00 00
00 00 00 00 00 5A C1 F6 4A 00 00 80 3F 00 00 00
00 D9 0B 37 C3 57 AC 08 3F 00 00 00 00 A3 00 FA
B9 00 00 00 00 00 00 00 00 AF F0 FB 62 00 00 00
00 00 00 00 00 76 40 08 06 00 00 00 00 00 00 00
00 C8 A7 9A A5 F4 54 66 3F 00 00 00 00 74 B6 7E
02 16 6A 87 3D 00 00 00 00 02 00 00 00 00 00 00
00 14 08 E9 15 CB 72 2C FF 00 00 00 00 09 C9 C7
A2 18 04 00 FF 00 00 00 00 05 00 00 00 BD C8 8A
07 00 00 00 00 00 00 00 00 00 00 00 00 00 00 00
00 6B 5D F9 3B 00 00 00 00 00 00 00 00 00 00 00
00 00 00 00 00 01 00 00 00 05 00 00 00 63 AD 37
9F 00 00 00 00 07 00 00 00 00 00 00 00 5A C1 F6
4A 00 00 80 3F 00 00 00 00 D9 0B 37 C3 57 AC 08
3F 00 00 00 00 A3 00 FA B9 00 00 00 00 00 00 00
00 AF F0 FB 62 00 00 00 00 00 00 00 00 76 40 08
06 00 00 80 3F 00 00 00 00 C8 A7 9A A5 F4 54 66
3F 00 00 00 00 74 B6 7E 02 16 6A 87 3D 00 00 00
00 02 00 00 00 00 00 00 00 14 08 E9 15 24 08 00
FF 00 00 00 00 09 C9 C7 A2 00 00 00 FF 00 00 00
00 05 00 00 00 5E 88 47 A0 00 00 00 00 00 00 00
00 00 00 00 00 00 00 00 00 55 F0 9D CE 00 00 00
00 00 00 00 00 00 00 00 00 00 00 00 00 01 00 00
00 05 00 00 00 4B C4 36 97 00 00 00 00 00 00 00
00 00 00 00 00 01 00 00 00 00 00 00 00 AC 34 2A
44 7E 92 B5 FF 00 00 00 00 05 00 00 00 58 4D 42
27 E8 4A 8D 58 62 32 15 F0 A5 80 CF 98 BF 53 06
8C 7E C5 FE DB 00 00 00 00 00 00 00 00 00 00 00
00 00 00 00 00 02 00 00 00 05 00 00 00 4C 6E 6B
31 00 00 00 00 00 00 00 00 00 00 00 00 01 00 00
00 00 00 00 00 97 07 53 BD BD 88 71 FF 00 00 00
00 05 00 00 00 DB 66 5B 8A 00 00 00 00 00 00 00
00 00 00 00 00 01 00 00 00 00 00 00 00 97 07 53
BD BD 88 71 FF 00 00 00 00
