02 00 00 00 07 00 00 00 61 4A 6B 14 D5 39 F4 25
49 8A B6 DF 86 A4 99 A9 00 00 00 00 00 00 00 00
00 00 00 00 00 00 00 00 D8 00 00 00 00 00 00 00
94 93 D0 FC F6 67 6C DD D3 40 E7 65 00 00 00 00
0C 00 04 00 04 00 1D 00 15 1F 08 00 15 1F 08 00
AA 3D 0B 00 AA 3D 0B 00 BB 16 05 00 C5 47 0C 00
C5 47 0C 00 06 1A 04 00 06 1A 04 00 64 56 00 00
51 11 05 00 07 7B 01 00 21 32 12 00 21 32 12 00
54 C2 0F 00 54 C2 0F 00 A5 66 06 00 4A 1A 14 00
4A 1A 14 00 21 3C 06 00 21 3C 06 00 84 92 03 00
D1 D6 1C 00 E4 3C 08 00 C8 AE 19 00 C8 AE 19 00
00 00 00 00 00 00 00 00 FC 27 14 00 8B 32 18 00
8B 32 18 00 00 5B 14 00 00 5B 14 00 00 00 09 00
DC 17 1D 00 12 48 18 00 00 00 00 00 00 00 00 00
00 00 00 00 00 00 00 00 A0 5A 18 00 63 6B 1A 00
63 6B 1A 00 D6 4E 18 00 D6 4E 18 00 15 17 0D 00
00 00 00 00 00 00 00 00 07 00 00 00 00 00 00 00
AC 41 63 AB 04 41 5F 75 7D 8A AA DB F6 76 1E FD
58 7B 24 8B 01 00 00 00 00 00 00 00 B9 0D 01 47
50 45 80 BF B3 FA 5C 1D 6E 08 A7 96 E8 39 AB B4
05 00 00 00 00 00 00 00 50 55 BB C5 71 48 60 E1
63 A3 4C 6B 10 03 B4 67 74 E4 09 B7 00 00 00 00
00 00 00 00 95 1A 60 13 AB 43 76 2E 99 9D CB D7
19 F4 1D 9F 0F 7C 1E B2 00 00 00 00 00 00 00 00
22 EE 87 17 EE 45 BE 71 FE 0D 27 03 A1 7B E6 D7
1D FB 1A B5 00 00 00 00 00 00 00 00 E2 04 0B 19
3B 44 48 A4 13 C1 17 62 11 8E BA 08 B1 1B AA 82
00 00 00 00 00 00 00 00 1C BB EF 98 DB 47 80 EA
C3 BD F7 3D 3E 1C 70 28 6F 8A B7 BB 00 00 00 00
06 00 00 00 05 00 00 00 34 EB 8B A9 21 4D 2E 51
0E 73 66 9A E6 BF 3E 2C CE D3 A3 8B 4D 4C F0 C0
00 00 00 00 00 00 00 00 00 00 00 00 00 00 00 00
01 00 00 00 05 00 00 00 8E 9E 12 72 03 00 00 00
00 00 00 00 04 00 00 00 00 00 00 00 00 00 00 00
00 00 00 00 00 00 00 00 00 09 00 00 00 00 00 00
00 00 00 00 00 00 00 00 00 00 00 00 00 00 0D 00
00 00 00 00 00 00 00 00 00 00 00 00 00 00 00 19
00 00 00 00 00 00 00 E2 27 77 E8 00 00 00 00 00
00 00 00 58 CB 61 93 00 00 00 00 00 00 00 00 0F
D2 4A 55 00 00 80 3F 00 00 00 00 64 12 C4 CF 33
7E 6C 3E 00 00 00 00 B0 83 58 B9 00 00 00 00 00
00 00 00 C3 50 F7 9C 00 00 00 00 00 00 00 00 DF
44 06 A9 00 00 00 00 00 00 00 00 87 A9 71 C8 CD
CC 4C 3F 00 00 00 00 F4 7A DE ED CD CC 4C 3F 00
00 00 00 E8 6E 2F D8 CD CC 4C 3F 00 00 00 00 BA
26 E5 CA 00 00 80 3F 00 00 00 00 02 ED 26 05 00
00 00 00 00 00 00 00 71 3E 89 20 00 00 00 00 00
00 00 00 6D 2A 78 15 00 00 00 00 00 00 00 00 D7
D5 E3 9B 9A 99 19 3F 00 00 00 00 A4 06 4C BE 9A
99 19 3F 00 00 00 00 B8 12 BD 8B 9A 99 19 3F 00
00 00 00 D3 A1 A1 11 FF 4F 90 3E 00 00 00 00 C3
1A 57 92 00 00 00 00 00 00 00 00 B0 C9 F8 B7 00
00 00 00 00 00 00 00 AC DD 09 82 00 00 00 00 00
00 00 00 E7 01 92 AA 00 00 80 3F 00 00 00 00 94
D2 3D 8F 00 00 80 3F 00 00 00 00 88 C6 CC BA 00
00 80 3F 00 00 00 00 F4 DC 9D 58 00 00 80 3F 00
00 00 00 16 00 00 00 00 00 00 00 97 07 53 BD B3
74 64 FF 00 00 00 00 90 1D 9B B2 00 00 00 FF 00
00 00 00 2F 0E 23 E3 00 00 00 FF 00 00 00 00 36
E7 C0 2E 00 00 00 FF 00 00 00 00 93 1A 08 1A B9
B9 B9 FF 00 00 00 00 2C 09 B0 4B B9 B9 B9 FF 00
00 00 00 35 E0 53 86 C3 3F 3F FF 00 00 00 00 92
E7 86 7D 00 00 00 FF 00 00 00 00 2D F4 3E 2C 00
00 00 FF 00 00 00 00 34 1D DD E1 00 00 00 FF 00
00 00 00 EC 83 A5 64 08 00 00 00 00 00 00 00 18
70 F5 77 08 00 00 00 00 00 00 00 98 E5 F3 E9 00
00 00 00 00 00 00 00 6C 16 A3 FA 00 00 00 00 00
00 00 00 F2 79 B3 3C 08 00 00 00 00 00 00 00 06
8A E3 2F 08 00 00 00 00 00 00 00 F1 62 B7 32 00
00 00 00 00 00 00 00 05 91 E7 21 00 00 00 00 00
00 00 00 57 02 E5 F7 08 00 00 00 00 00 00 00 A3
F1 B5 E4 08 00 00 00 00 00 00 00 D6 1F 8B 7B 00
00 00 00 00 00 00 00 22 EC DB 68 00 00 00 00 00
00 00 00 05 00 00 00 47 69 83 6C 00 00 00 00 00
00 00 00 00 00 00 00 00 00 00 00 03 FC 42 38 00
00 00 00 00 00 00 00 00 00 00 00 00 00 00 00 01
00 00 00 05 00 00 00 17 AD 1F 1F 00 00 00 00 07
00 00 00 00 00 00 00 5A C1 F6 4A 00 00 80 3F 00
00 00 00 D9 0B 37 C3 3F 8E FF 3C 00 00 00 00 A3
00 FA B9 90 D6 4E 3F 00 00 00 00 AF F0 FB 62 66
12 A4 3C 00 00 00 00 76 40 08 06 00 00 00 00 00
00 00 00 C8 A7 9A A5 00 00 80 3F 00 00 00 00 74
B6 7E 02 F4 E6 47 3D 00 00 00 00 02 00 00 00 00
00 00 00 14 08 E9 15 4B 24 08 FF 00 00 00 00 09
C9 C7 A2 FE FE FE FF 00 00 00 00 05 00 00 00 93
4D 27 9B 00 00 00 00 00 00 00 00 00 00 00 00 00
00 00 00 A9 5C 56 AC 00 00 00 00 00 00 00 00 00
00 00 00 00 00 00 00 01 00 00 00 05 00 00 00 9B
31 92 87 00 00 00 00 07 00 00 00 00 00 00 00 5A
C1 F6 4A B4 32 95 3E 00 00 00 00 D9 0B 37 C3 8F
C2 75 3D 00 00 00 00 A3 00 FA B9 66 15 3A 3F 00
00 00 00 AF F0 FB 62 E6 EF DA 3E 00 00 00 00 76
40 08 06 00 00 00 00 00 00 00 00 C8 A7 9A A5 00
00 80 3F 00 00 00 00 74 B6 7E 02 00 00 00 00 00
00 00 00 02 00 00 00 00 00 00 00 14 08 E9 15 FE
FE FE FF 00 00 00 00 09 C9 C7 A2 FE FE FE FF 00
00 00 00 05 00 00 00 BD C8 8A 07 00 00 00 00 00
00 00 00 00 00 00 00 00 00 00 00 C7 4B C3 23 00
00 00 00 00 00 00 00 00 00 00 00 00 00 00 00 01
00 00 00 05 00 00 00 79 09 E9 01 00 00 00 00 07
00 00 00 00 00 00 00 5A C1 F6 4A 00 00 80 3F 00
00 00 00 D9 0B 37 C3 3F 8E FF 3C 00 00 00 00 A3
00 FA B9 DB 03 79 3F 00 00 00 00 AF F0 FB 62 00
12 03 3A 00 00 00 00 76 40 08 06 00 00 00 00 00
00 00 00 C8 A7 9A A5 00 00 80 3F 00 00 00 00 74
B6 7E 02 F4 E6 47 3D 00 00 00 00 02 00 00 00 00
00 00 00 14 08 E9 15 2D 0F 00 FF 00 00 00 00 09
C9 C7 A2 FE FE FE FF 00 00 00 00 05 00 00 00 5E
88 47 A0 00 00 00 00 00 00 00 00 00 00 00 00 00
00 00 00 55 F0 9D CE 00 00 00 00 00 00 00 00 00
00 00 00 00 00 00 00 01 00 00 00 05 00 00 00 4B
C4 36 97 00 00 00 00 00 00 00 00 00 00 00 00 01
00 00 00 00 00 00 00 AC 34 2A 44 56 1E 00 FF 00
00 00 00 05 00 00 00 58 4D 42 27 F5 48 68 85 A3
42 50 FA 2D 1B 19 98 DC 02 36 BF 9A 1B B3 61 00
00 00 00 00 00 00 00 00 00 00 00 00 00 00 00 02
00 00 00 05 00 00 00 A9 79 C9 73 00 00 00 00 00
00 00 00 00 00 00 00 01 00 00 00 00 00 00 00 97
07 53 BD B3 74 64 FF 00 00 00 00 05 00 00 00 2C
A1 1F A4 00 00 00 00 00 00 00 00 00 00 00 00 01
00 00 00 00 00 00 00 97 07 53 BD B3 74 64 FF 00
00 00 00
