02 00 00 00 07 00 00 00 AD 4C B0 EF 94 4A 79 D0
53 C2 D3 B4 58 25 38 AD 00 00 00 00 00 00 00 00
00 00 00 00 00 00 00 00 D8 00 00 00 00 00 00 00
94 93 D0 FC 54 EB F4 9E 04 52 D7 65 00 00 00 00
0C 00 04 00 04 00 2B 00 00 00 01 00 00 00 01 00
31 C4 05 00 31 C4 05 00 60 56 05 00 A6 5E 02 00
A6 5E 02 00 00 00 03 00 00 00 03 00 9E 2B 00 00
E5 48 14 00 88 47 06 00 01 6B 03 00 01 6B 03 00
00 00 06 00 00 00 06 00 B0 4A 0C 00 78 1E 03 00
78 1E 03 00 14 17 06 00 14 17 06 00 00 00 04 00
7C 4B 15 00 CE 18 0A 00 63 69 0E 00 63 69 0E 00
BE 24 07 00 BE 24 07 00 EE 5E 14 00 51 0F 04 00
51 0F 04 00 48 BF 07 00 48 BF 07 00 00 00 07 00
F9 2B 28 00 A3 61 0C 00 9A 2B 27 00 9A 2B 27 00
0E 17 0D 00 0E 17 0D 00 00 00 2B 00 8E 73 1D 00
8E 73 1D 00 A1 29 0B 00 A1 29 0B 00 60 D4 0E 00
A4 3F 29 00 05 3E 0F 00 06 00 00 00 00 00 00 00
AC 41 63 AB 04 41 5F 75 7D 8A AA DB F6 76 1E FD
58 7B 24 8B 01 00 00 00 00 00 00 00 B9 0D 01 47
50 45 80 BF B3 FA 5C 1D 6E 08 A7 96 E8 39 AB B4
04 00 00 00 00 00 00 00 50 55 BB C5 71 48 60 E1
63 A3 4C 6B 10 03 B4 67 74 E4 09 B7 00 00 00 00
00 00 00 00 95 1A 60 13 F6 44 66 E8 64 54 00 73
B3 5F B1 BC 91 C0 92 A1 00 00 00 00 00 00 00 00
22 EE 87 17 4E 4E 9C 65 E4 83 01 C4 67 9D 3B 3A
B3 70 96 8F 00 00 00 00 00 00 00 00 E2 04 0B 19
3B 44 48 A4 13 C1 17 62 11 8E BA 08 B1 1B AA 82
00 00 00 00 05 00 00 00 05 00 00 00 34 EB 8B A9
E9 47 4B AA FA BB 23 2B BA 39 FC A2 F7 2A C8 9B
AC AC A7 F3 00 00 00 00 00 00 00 00 00 00 00 00
00 00 00 00 01 00 00 00 05 00 00 00 8E 9E 12 72
04 00 00 00 00 00 00 00 04 00 00 00 00 00 00 00
00 00 00 00 00 00 00 00 00 00 00 00 00 09 00 00
00 00 00 00 00 00 00 00 00 00 00 00 00 00 00 00
00 00 0C A2 4D E5 B9 C9 46 9A 22 2C E5 42 76 00
8F 5E 87 00 00 00 00 0D 00 00 00 00 00 00 00 00
00 00 00 00 00 00 00 00 19 00 00 00 00 00 00 00
E2 27 77 E8 42 C8 D6 3E 00 00 00 00 58 CB 61 93
00 00 80 3F 00 00 00 00 0F D2 4A 55 00 00 00 00
00 00 00 00 64 12 C4 CF 00 00 00 00 00 00 00 00
B0 83 58 B9 38 C2 E5 3E 00 00 00 00 C3 50 F7 9C
38 C2 E5 3E 00 00 00 00 DF 44 06 A9 38 C2 E5 3E
00 00 00 00 87 A9 71 C8 CD CC CC 3D 00 00 00 00
F4 7A DE ED CD CC CC 3D 00 00 00 00 E8 6E 2F D8
CD CC CC 3D 00 00 00 00 BA 26 E5 CA A2 A7 59 3F
00 00 00 00 02 ED 26 05 00 00 00 00 00 00 00 00
71 3E 89 20 00 00 00 00 00 00 00 00 6D 2A 78 15
00 00 00 00 00 00 00 00 D7 D5 E3 9B 22 DD 54 3E
00 00 00 00 A4 06 4C BE 22 DD 54 3E 00 00 00 00
B8 12 BD 8B 22 DD 54 3E 00 00 00 00 D3 A1 A1 11
FA A9 14 3F 00 00 00 00 C3 1A 57 92 00 00 00 00
00 00 00 00 B0 C9 F8 B7 00 00 00 00 00 00 00 00
AC DD 09 82 00 00 00 00 00 00 00 00 E7 01 92 AA
66 66 66 3F 00 00 00 00 94 D2 3D 8F 66 66 66 3F
00 00 00 00 88 C6 CC BA 66 66 66 3F 00 00 00 00
F4 DC 9D 58 00 00 80 3F 00 00 00 00 16 00 00 00
00 00 00 00 97 07 53 BD BC 88 75 FF 00 00 00 00
90 1D 9B B2 00 00 00 FF 00 00 00 00 2F 0E 23 E3
4F 11 0F FF 00 00 00 00 36 E7 C0 2E 00 00 00 FF
00 00 00 00 93 1A 08 1A 00 00 00 FF 00 00 00 00
2C 09 B0 4B 00 00 00 FF 00 00 00 00 35 E0 53 86
8E 31 20 FF 00 00 00 00 92 E7 86 7D 38 0B 08 FF
00 00 00 00 2D F4 3E 2C 68 1F 15 FF 00 00 00 00
34 1D DD E1 F4 96 7E FF 00 00 00 00 EC 83 A5 64
08 00 00 00 00 00 00 00 18 70 F5 77 08 00 00 00
00 00 00 00 98 E5 F3 E9 00 00 00 00 00 00 00 00
6C 16 A3 FA 00 00 00 00 00 00 00 00 F2 79 B3 3C
08 00 00 00 00 00 00 00 06 8A E3 2F 04 00 00 00
00 00 00 00 F1 62 B7 32 00 00 00 00 00 00 00 00
05 91 E7 21 00 00 00 00 00 00 00 00 57 02 E5 F7
08 00 00 00 00 00 00 00 A3 F1 B5 E4 08 00 00 00
00 00 00 00 D6 1F 8B 7B 00 00 00 00 00 00 00 00
22 EC DB 68 00 00 00 00 00 00 00 00 05 00 00 00
47 69 83 6C 00 00 00 00 00 00 00 00 00 00 00 00
00 00 00 00 38 32 85 93 00 00 00 00 00 00 00 00
00 00 00 00 00 00 00 00 01 00 00 00 05 00 00 00
0A 6B 87 28 00 00 00 00 07 00 00 00 00 00 00 00
5A C1 F6 4A 00 00 80 3F 00 00 00 00 D9 0B 37 C3
A6 9B C4 3C 00 00 00 00 A3 00 FA B9 3C DF 7F 3F
00 00 00 00 AF F0 FB 62 00 12 03 3A 00 00 00 00
76 40 08 06 00 00 00 00 00 00 00 00 C8 A7 9A A5
CD CC CC 3D 00 00 00 00 74 B6 7E 02 00 00 00 00
00 00 00 00 02 00 00 00 00 00 00 00 14 08 E9 15
3B 14 08 FF 00 00 00 00 09 C9 C7 A2 00 2B 42 FF
00 00 00 00 05 00 00 00 BD C8 8A 07 00 00 00 00
00 00 00 00 00 00 00 00 00 00 00 00 6B 5D F9 3B
00 00 00 00 00 00 00 00 00 00 00 00 00 00 00 00
01 00 00 00 05 00 00 00 63 AD 37 9F 00 00 00 00
07 00 00 00 00 00 00 00 5A C1 F6 4A 00 00 80 3F
00 00 00 00 D9 0B 37 C3 51 49 9D 3A 00 00 00 00
A3 00 FA B9 3C DF 7F 3F 00 00 00 00 AF F0 FB 62
00 12 03 3A 00 00 00 00 76 40 08 06 00 00 00 00
00 00 00 00 C8 A7 9A A5 00 00 80 3F 00 00 00 00
74 B6 7E 02 00 00 00 00 00 00 00 00 02 00 00 00
00 00 00 00 14 08 E9 15 00 00 00 FF 00 00 00 00
09 C9 C7 A2 FE FE FE FF 00 00 00 00 05 00 00 00
5E 88 47 A0 00 00 00 00 00 00 00 00 00 00 00 00
00 00 00 00 55 F0 9D CE 00 00 00 00 00 00 00 00
00 00 00 00 00 00 00 00 01 00 00 00 05 00 00 00
4B C4 36 97 00 00 00 00 00 00 00 00 00 00 00 00
01 00 00 00 00 00 00 00 AC 34 2A 44 44 53 6D FF
00 00 00 00 05 00 00 00 58 4D 42 27 E8 4A 8D 58
62 32 15 F0 A5 80 CF 98 BF 53 06 8C 7E C5 FE DB
00 00 00 00 00 00 00 00 00 00 00 00 00 00 00 00
02 00 00 00 05 00 00 00 4C 6E 6B 31 00 00 00 00
00 00 00 00 00 00 00 00 01 00 00 00 00 00 00 00
97 07 53 BD BC 88 75 FF 00 00 00 00 05 00 00 00
DB 66 5B 8A 00 00 00 00 00 00 00 00 00 00 00 00
01 00 00 00 00 00 00 00 97 07 53 BD BC 88 75 FF
00 00 00 00
