02 00 00 00 07 00 00 00 AD 4C B0 EF 94 4A 79 D0
53 C2 D3 B4 58 25 38 AD 00 00 00 00 00 00 00 00
00 00 00 00 00 00 00 00 D8 00 00 00 00 00 00 00
94 93 D0 FC 54 EB F4 9E 04 52 D7 65 00 00 00 00
0C 00 04 00 04 00 29 00 3C 49 05 00 3C 49 05 00
60 59 09 00 60 59 09 00 79 4A 0B 00 36 77 02 00
36 77 02 00 44 22 02 00 44 22 02 00 31 7B 03 00
16 A3 06 00 67 54 11 00 C2 B6 0E 00 C2 B6 0E 00
9E A6 0B 00 9E A6 0B 00 B3 19 0E 00 5C 1E 10 00
5C 1E 10 00 DE 5D 07 00 DE 5D 07 00 CD 84 08 00
4E 31 0C 00 F8 37 16 00 00 00 28 00 00 00 28 00
00 00 00 00 00 00 00 00 D9 0D 13 00 3F 55 1C 00
3F 55 1C 00 DB 7F 13 00 DB 7F 13 00 00 00 00 00
9A 2B 13 00 3E 64 20 00 00 00 00 00 00 00 00 00
00 00 00 00 00 00 00 00 F8 8D 15 00 2B 15 29 00
2B 15 29 00 00 00 00 00 00 00 00 00 00 00 00 00
00 00 26 00 60 0F 26 00 06 00 00 00 00 00 00 00
AC 41 63 AB 04 41 5F 75 7D 8A AA DB F6 76 1E FD
58 7B 24 8B 01 00 00 00 00 00 00 00 B9 0D 01 47
50 45 80 BF B3 FA 5C 1D 6E 08 A7 96 E8 39 AB B4
04 00 00 00 00 00 00 00 50 55 BB C5 71 48 60 E1
63 A3 4C 6B 10 03 B4 67 74 E4 09 B7 00 00 00 00
00 00 00 00 95 1A 60 13 08 4C A6 A6 65 4B BA 78
0D 02 DC 0A 4B 4D 8A B7 00 00 00 00 00 00 00 00
22 EE 87 17 09 4B AF 7D BC 0B EC 89 05 23 F3 8D
DD F8 8D A9 00 00 00 00 00 00 00 00 E2 04 0B 19
3B 44 48 A4 13 C1 17 62 11 8E BA 08 B1 1B AA 82
00 00 00 00 05 00 00 00 05 00 00 00 34 EB 8B A9
D3 4B 40 32 93 F3 C9 24 5B 37 68 BD 8A 07 3A A1
30 B0 E9 37 00 00 00 00 00 00 00 00 00 00 00 00
00 00 00 00 01 00 00 00 05 00 00 00 8E 9E 12 72
05 00 00 00 00 00 00 00 04 00 00 00 00 00 00 00
00 00 00 00 00 00 00 00 00 00 00 00 00 09 00 00
00 00 00 00 00 00 00 00 00 00 00 00 00 00 00 00
00 00 0C 87 48 9B 8A 8E C6 17 A8 4D 2B A4 A2 60
17 BE B8 00 00 00 00 0D 00 00 00 00 00 00 00 00
00 00 00 00 00 00 00 00 00 00 00 00 0E EC 45 F4
2B CD D3 19 8F 48 6E 2C A8 80 77 89 81 19 00 00
00 00 00 00 00 E2 27 77 E8 7B D7 CE 3E 00 00 00
00 58 CB 61 93 04 4D D0 3E 00 00 00 00 0F D2 4A
55 72 20 CF 3E 00 00 00 00 64 12 C4 CF 09 83 CD
3E 00 00 00 00 B0 83 58 B9 33 33 33 3F 00 00 00
00 C3 50 F7 9C 33 33 33 3F 00 00 00 00 DF 44 06
A9 33 33 33 3F 00 00 00 00 87 A9 71 C8 9A 99 99
3E 00 00 00 00 F4 7A DE ED 9A 99 99 3E 00 00 00
00 E8 6E 2F D8 9A 99 99 3E 00 00 00 00 BA 26 E5
CA 00 00 80 3F 00 00 00 00 02 ED 26 05 00 00 00
00 00 00 00 00 71 3E 89 20 00 00 00 00 00 00 00
00 6D 2A 78 15 00 00 00 00 00 00 00 00 D7 D5 E3
9B 9A 99 99 3E 00 00 00 00 A4 06 4C BE 9A 99 99
3E 00 00 00 00 B8 12 BD 8B 9A 99 99 3E 00 00 00
00 D3 A1 A1 11 EA 9D 01 3F 00 00 00 00 C3 1A 57
92 CD CC 4C 3E 00 00 00 00 B0 C9 F8 B7 CD CC 4C
3E 00 00 00 00 AC DD 09 82 CD CC 4C 3E 00 00 00
00 E7 01 92 AA 74 DB BA 3E 00 00 00 00 94 D2 3D
8F 74 DB BA 3E 00 00 00 00 88 C6 CC BA 74 DB BA
3E 00 00 00 00 F4 DC 9D 58 2E E5 D9 3E 00 00 00
00 16 00 00 00 00 00 00 00 97 07 53 BD D6 A2 94
FF 00 00 00 00 90 1D 9B B2 00 00 00 FF 00 00 00
00 2F 0E 23 E3 00 00 00 FF 00 00 00 00 36 E7 C0
2E 00 00 00 FF 00 00 00 00 93 1A 08 1A 00 00 00
FF 00 00 00 00 2C 09 B0 4B 00 00 00 FF 00 00 00
00 35 E0 53 86 00 00 00 FF 00 00 00 00 92 E7 86
7D 00 00 00 FF 00 00 00 00 2D F4 3E 2C 00 00 00
FF 00 00 00 00 34 1D DD E1 BE 5D 7E FF 00 00 00
00 EC 83 A5 64 08 00 00 00 00 00 00 00 18 70 F5
77 08 00 00 00 00 00 00 00 98 E5 F3 E9 00 00 00
00 00 00 00 00 6C 16 A3 FA 00 00 00 00 00 00 00
00 F2 79 B3 3C 08 00 00 00 00 00 00 00 06 8A E3
2F 04 00 00 00 00 00 00 00 F1 62 B7 32 00 00 00
00 00 00 00 00 05 91 E7 21 00 00 00 00 00 00 00
00 57 02 E5 F7 08 00 00 00 00 00 00 00 A3 F1 B5
E4 08 00 00 00 00 00 00 00 D6 1F 8B 7B 00 00 00
00 00 00 00 00 22 EC DB 68 00 00 00 00 00 00 00
00 05 00 00 00 47 69 83 6C 00 00 00 00 00 00 00
00 00 00 00 00 00 00 00 00 98 31 75 29 00 00 00
00 00 00 00 00 00 00 00 00 00 00 00 00 01 00 00
00 05 00 00 00 17 AD 1F 1F 00 00 00 00 07 00 00
00 00 00 00 00 5A C1 F6 4A 00 00 00 00 00 00 00
00 D9 0B 37 C3 00 00 00 00 00 00 00 00 A3 00 FA
B9 C2 AF 7F 3F 00 00 00 00 AF F0 FB 62 00 12 03
3A 00 00 00 00 76 40 08 06 00 00 00 00 00 00 00
00 C8 A7 9A A5 CD CC CC 3D 00 00 00 00 74 B6 7E
02 00 00 00 00 00 00 00 00 02 00 00 00 00 00 00
00 14 08 E9 15 00 00 00 FF 00 00 00 00 09 C9 C7
A2 FE FE FE FF 00 00 00 00 05 00 00 00 BD C8 8A
07 00 00 00 00 00 00 00 00 00 00 00 00 00 00 00
00 B1 96 45 0F 00 00 00 00 00 00 00 00 00 00 00
00 00 00 00 00 01 00 00 00 05 00 00 00 10 6D 19
75 00 00 00 00 07 00 00 00 00 00 00 00 5A C1 F6
4A 00 00 80 3F 00 00 00 00 D9 0B 37 C3 8F C2 F5
3C 00 00 00 00 A3 00 FA B9 3C DF 7F 3F 00 00 00
00 AF F0 FB 62 00 12 03 3A 00 00 00 00 76 40 08
06 00 00 00 00 00 00 00 00 C8 A7 9A A5 CD CC CC
3D 00 00 00 00 74 B6 7E 02 00 00 00 00 00 00 00
00 02 00 00 00 00 00 00 00 14 08 E9 15 00 00 00
FF 00 00 00 00 09 C9 C7 A2 FE FE FE FF 00 00 00
00 05 00 00 00 5E 88 47 A0 00 00 00 00 00 00 00
00 00 00 00 00 00 00 00 00 55 F0 9D CE 00 00 00
00 00 00 00 00 00 00 00 00 00 00 00 00 01 00 00
00 05 00 00 00 4B C4 36 97 00 00 00 00 00 00 00
00 00 00 00 00 01 00 00 00 00 00 00 00 AC 34 2A
44 20 0B 00 FF 00 00 00 00 05 00 00 00 58 4D 42
27 E8 4A 8D 58 62 32 15 F0 A5 80 CF 98 BF 53 06
8C 7E C5 FE DB 00 00 00 00 00 00 00 00 00 00 00
00 00 00 00 00 02 00 00 00 05 00 00 00 4C 6E 6B
31 00 00 00 00 00 00 00 00 00 00 00 00 01 00 00
00 00 00 00 00 97 07 53 BD D6 A2 94 FF 00 00 00
00 05 00 00 00 DB 66 5B 8A 00 00 00 00 00 00 00
00 00 00 00 00 01 00 00 00 00 00 00 00 97 07 53
BD D6 A2 94 FF 00 00 00 00
