02 00 00 00 07 00 00 00 61 4A 6B 14 D5 39 F4 25
49 8A B6 DF 86 A4 99 A9 00 00 00 00 00 00 00 00
00 00 00 00 00 00 00 00 D8 00 00 00 00 00 00 00
94 93 D0 FC F6 67 6C DD D3 40 E7 65 00 00 00 00
0C 00 04 00 04 00 1D 00 F8 5E 0B 00 F8 5E 0B 00
25 29 01 00 25 29 01 00 81 7F 05 00 5A 25 06 00
5A 25 06 00 0D 3F 08 00 0D 3F 08 00 00 00 00 00
7A 16 03 00 E3 16 02 00 48 8C 14 00 48 8C 14 00
0F 18 0A 00 0F 18 0A 00 CC 57 0F 00 38 86 08 00
38 86 08 00 C9 50 0C 00 C9 50 0C 00 00 00 01 00
7E BE 07 00 3C 1F 0E 00 00 00 18 00 00 00 18 00
7A A5 0C 00 7A A5 0C 00 B1 28 19 00 9A 1E 0C 00
9A 1E 0C 00 E5 4F 0F 00 E5 4F 0F 00 B0 74 05 00
00 00 09 00 DF C9 14 00 BE 14 19 00 BE 14 19 00
4F 19 0E 00 4F 19 0E 00 00 00 1D 00 D1 35 0D 00
D1 35 0D 00 42 20 19 00 42 20 19 00 4E 8B 0F 00
05 2B 19 00 00 00 18 00 06 00 00 00 00 00 00 00
AC 41 63 AB 04 41 5F 75 7D 8A AA DB F6 76 1E FD
58 7B 24 8B 01 00 00 00 00 00 00 00 B9 0D 01 47
50 45 80 BF B3 FA 5C 1D 6E 08 A7 96 E8 39 AB B4
04 00 00 00 00 00 00 00 50 55 BB C5 71 48 60 E1
63 A3 4C 6B 10 03 B4 67 74 E4 09 B7 00 00 00 00
00 00 00 00 95 1A 60 13 E1 41 26 23 14 84 A2 F6
5B 4F 0B 60 76 AD F0 A9 00 00 00 00 00 00 00 00
22 EE 87 17 09 4B AF 7D BC 0B EC 89 05 23 F3 8D
DD F8 8D A9 00 00 00 00 00 00 00 00 E2 04 0B 19
3B 44 48 A4 13 C1 17 62 11 8E BA 08 B1 1B AA 82
00 00 00 00 06 00 00 00 05 00 00 00 34 EB 8B A9
8F 4A 73 98 A7 67 33 00 43 3B 19 EF 8D 9B 27 9A
1E 9F 49 60 00 00 00 00 00 00 00 00 00 00 00 00
00 00 00 00 01 00 00 00 05 00 00 00 8E 9E 12 72
05 00 00 00 00 00 00 00 04 00 00 00 00 00 00 00
00 00 00 00 00 00 00 00 00 00 00 00 00 09 00 00
00 00 00 00 00 00 00 00 00 00 00 00 00 00 00 00
00 00 0C 44 4F BC 21 B3 F3 43 B6 54 79 FD 40 E1
0D E5 95 00 00 00 00 0D 00 00 00 00 00 00 00 00
00 00 00 00 00 00 00 00 00 00 00 00 0E 74 42 4E
92 C7 A0 D0 63 B4 D2 A4 4C 5D 76 62 AF 19 00 00
00 00 00 00 00 E2 27 77 E8 00 00 00 00 00 00 00
00 58 CB 61 93 52 62 B0 3E 00 00 00 00 0F D2 4A
55 00 00 00 00 00 00 00 00 64 12 C4 CF D7 64 B1
3D 00 00 00 00 B0 83 58 B9 8B A9 29 3F 00 00 00
00 C3 50 F7 9C 8B A9 29 3F 00 00 00 00 DF 44 06
A9 8B A9 29 3F 00 00 00 00 87 A9 71 C8 09 C4 C9
3E 00 00 00 00 F4 7A DE ED 09 C4 C9 3E 00 00 00
00 E8 6E 2F D8 09 C4 C9 3E 00 00 00 00 BA 26 E5
CA 30 F5 05 3F 00 00 00 00 02 ED 26 05 A8 CF 31
3F 00 00 00 00 71 3E 89 20 A8 CF 31 3F 00 00 00
00 6D 2A 78 15 A8 CF 31 3F 00 00 00 00 D7 D5 E3
9B 98 A5 01 3F 00 00 00 00 A4 06 4C BE 98 A5 01
3F 00 00 00 00 B8 12 BD 8B 98 A5 01 3F 00 00 00
00 D3 A1 A1 11 EC 57 BD 3E 00 00 00 00 C3 1A 57
92 15 5D 75 3E 00 00 00 00 B0 C9 F8 B7 15 5D 75
3E 00 00 00 00 AC DD 09 82 15 5D 75 3E 00 00 00
00 E7 01 92 AA 66 66 66 3F 00 00 00 00 94 D2 3D
8F 66 66 66 3F 00 00 00 00 88 C6 CC BA 66 66 66
3F 00 00 00 00 F4 DC 9D 58 A3 24 F7 3E 00 00 00
00 16 00 00 00 00 00 00 00 97 07 53 BD C6 96 76
FF 00 00 00 00 90 1D 9B B2 7E 62 18 FF 00 00 00
00 2F 0E 23 E3 7B 79 20 FF 00 00 00 00 36 E7 C0
2E 63 53 15 FF 00 00 00 00 93 1A 08 1A 00 00 00
FF 00 00 00 00 2C 09 B0 4B 00 00 00 FF 00 00 00
00 35 E0 53 86 91 6F 20 FF 00 00 00 00 92 E7 86
7D 29 2C 08 FF 00 00 00 00 2D F4 3E 2C 63 54 18
FF 00 00 00 00 34 1D DD E1 85 80 22 FF 00 00 00
00 EC 83 A5 64 08 00 00 00 00 00 00 00 18 70 F5
77 08 00 00 00 00 00 00 00 98 E5 F3 E9 00 00 00
00 00 00 00 00 6C 16 A3 FA 00 00 00 00 00 00 00
00 F2 79 B3 3C 08 00 00 00 00 00 00 00 06 8A E3
2F 04 00 00 00 00 00 00 00 F1 62 B7 32 00 00 00
00 00 00 00 00 05 91 E7 21 00 00 00 00 00 00 00
00 57 02 E5 F7 08 00 00 00 00 00 00 00 A3 F1 B5
E4 08 00 00 00 00 00 00 00 D6 1F 8B 7B 00 00 00
00 00 00 00 00 22 EC DB 68 00 00 00 00 00 00 00
00 05 00 00 00 47 69 83 6C 00 00 00 00 00 00 00
00 00 00 00 00 00 00 00 00 2C BE B2 32 00 00 00
00 00 00 00 00 00 00 00 00 00 00 00 00 01 00 00
00 05 00 00 00 12 AF 65 05 00 00 00 00 07 00 00
00 00 00 00 00 5A C1 F6 4A 00 00 00 00 00 00 00
00 D9 0B 37 C3 AF AA 3F 3D 00 00 00 00 A3 00 FA
B9 3F 72 5D 3F 00 00 00 00 AF F0 FB 62 00 12 03
3A 00 00 00 00 76 40 08 06 00 00 00 00 00 00 00
00 C8 A7 9A A5 BA E9 52 3F 00 00 00 00 74 B6 7E
02 37 ED 95 3D 00 00 00 00 02 00 00 00 00 00 00
00 14 08 E9 15 00 00 00 FF 00 00 00 00 09 C9 C7
A2 FE FE FE FF 00 00 00 00 05 00 00 00 93 4D 27
9B 00 00 00 00 00 00 00 00 00 00 00 00 00 00 00
00 61 70 55 C4 00 00 00 00 00 00 00 00 00 00 00
00 00 00 00 00 01 00 00 00 05 00 00 00 EC A9 30
94 00 00 00 00 07 00 00 00 00 00 00 00 5A C1 F6
4A 00 00 00 00 00 00 00 00 D9 0B 37 C3 D9 F0 69
3C 00 00 00 00 A3 00 FA B9 42 D2 70 3F 00 00 00
00 AF F0 FB 62 00 12 03 3A 00 00 00 00 76 40 08
06 E1 58 2A 3F 00 00 00 00 C8 A7 9A A5 7D 3C 2B
3F 00 00 00 00 74 B6 7E 02 C2 06 AC 3C 00 00 00
00 02 00 00 00 00 00 00 00 14 08 E9 15 00 00 00
FF 00 00 00 00 09 C9 C7 A2 FE FE FE FF 00 00 00
00 05 00 00 00 BD C8 8A 07 00 00 00 00 00 00 00
00 00 00 00 00 00 00 00 00 6A B7 8A A5 00 00 00
00 00 00 00 00 00 00 00 00 00 00 00 00 01 00 00
00 05 00 00 00 10 6D 19 75 00 00 00 00 07 00 00
00 00 00 00 00 5A C1 F6 4A 00 00 00 00 00 00 00
00 D9 0B 37 C3 B0 7E 5B 3E 00 00 00 00 A3 00 FA
B9 64 20 F5 3E 00 00 00 00 AF F0 FB 62 00 12 03
3A 00 00 00 00 76 40 08 06 00 00 00 00 00 00 00
00 C8 A7 9A A5 00 00 80 3E 00 00 00 00 74 B6 7E
02 00 00 00 00 00 00 00 00 02 00 00 00 00 00 00
00 14 08 E9 15 08 04 9C FF 00 00 00 00 09 C9 C7
A2 FE FE FE FF 00 00 00 00 05 00 00 00 5E 88 47
A0 00 00 00 00 00 00 00 00 00 00 00 00 00 00 00
00 55 F0 9D CE 00 00 00 00 00 00 00 00 00 00 00
00 00 00 00 00 01 00 00 00 05 00 00 00 4B C4 36
97 00 00 00 00 00 00 00 00 00 00 00 00 01 00 00
00 00 00 00 00 AC 34 2A 44 83 66 00 FF 00 00 00
00 05 00 00 00 58 4D 42 27 F5 48 68 85 A3 42 50
FA 2D 1B 19 98 DC 02 36 BF 9A 1B B3 61 00 00 00
00 00 00 00 00 00 00 00 00 00 00 00 00 02 00 00
00 05 00 00 00 A9 79 C9 73 00 00 00 00 00 00 00
00 00 00 00 00 01 00 00 00 00 00 00 00 97 07 53
BD C6 96 76 FF 00 00 00 00 05 00 00 00 2C A1 1F
A4 00 00 00 00 00 00 00 00 00 00 00 00 01 00 00
00 00 00 00 00 97 07 53 BD C6 96 76 FF 00 00 00
00
