02 00 00 00 07 00 00 00 AD 4C B0 EF 94 4A 79 D0
53 C2 D3 B4 58 25 38 AD 00 00 00 00 00 00 00 00
00 00 00 00 00 00 00 00 D8 00 00 00 00 00 00 00
94 93 D0 FC 54 EB F4 9E 04 52 D7 65 00 00 00 00
0C 00 04 00 04 00 0E 00 C2 A4 05 00 C2 A4 05 00
B1 9F 0C 00 B1 9F 0C 00 2F AA 01 00 E0 C2 0B 00
E0 C2 0B 00 85 AC 0E 00 85 AC 0E 00 BF A6 06 00
E2 A8 0D 00 68 B9 0D 00 3C 5B 09 00 3C 5B 09 00
4D 60 0A 00 4D 60 0A 00 CF 55 08 00 1E 3D 0A 00
1E 3D 0A 00 79 53 0C 00 79 53 0C 00 3F 59 05 00
1C 57 0A 00 96 46 08 00 00 00 00 00 00 00 00 00
00 00 00 00 00 00 00 00 00 00 00 00 00 00 00 00
00 00 00 00 00 00 00 00 00 00 00 00 00 00 00 00
00 00 00 00 00 00 00 00 00 00 00 00 00 00 00 00
00 00 00 00 00 00 00 00 00 00 00 00 00 00 00 00
00 00 00 00 00 00 00 00 00 00 00 00 00 00 00 00
00 00 00 00 00 00 00 00 06 00 00 00 00 00 00 00
AC 41 63 AB 04 41 5F 75 7D 8A AA DB F6 76 1E FD
58 7B 24 8B 01 00 00 00 00 00 00 00 B9 0D 01 47
50 45 80 BF B3 FA 5C 1D 6E 08 A7 96 E8 39 AB B4
04 00 00 00 00 00 00 00 50 55 BB C5 71 48 60 E1
63 A3 4C 6B 10 03 B4 67 74 E4 09 B7 00 00 00 00
00 00 00 00 95 1A 60 13 5F 48 82 D9 17 DC EE 57
22 20 82 F3 1D 16 BC 98 00 00 00 00 00 00 00 00
22 EE 87 17 96 49 F2 6D 0A 88 74 A0 C2 90 27 4A
20 3E E2 89 00 00 00 00 00 00 00 00 E2 04 0B 19
3B 44 48 A4 13 C1 17 62 11 8E BA 08 B1 1B AA 82
00 00 00 00 06 00 00 00 05 00 00 00 34 EB 8B A9
CE 4E E7 14 7F F8 B1 35 B9 41 69 43 8D 6D F0 AC
C3 90 9C 7F 00 00 00 00 00 00 00 00 00 00 00 00
00 00 00 00 01 00 00 00 05 00 00 00 8E 9E 12 72
03 00 00 00 00 00 00 00 04 00 00 00 00 00 00 00
00 00 00 00 00 00 00 00 00 00 00 00 00 09 00 00
00 00 00 00 00 00 00 00 00 00 00 00 00 00 00 00
00 00 0E C1 43 42 91 34 31 72 DB 35 61 17 6C E3
AC C0 84 19 00 00 00 00 00 00 00 E2 27 77 E8 64
92 0F 3F 00 00 00 00 58 CB 61 93 69 89 19 3F 00
00 00 00 0F D2 4A 55 F6 B6 11 3E 00 00 00 00 64
12 C4 CF AE 50 0F 3F 00 00 00 00 B0 83 58 B9 33
33 33 3F 00 00 00 00 C3 50 F7 9C 33 33 33 3F 00
00 00 00 DF 44 06 A9 33 33 33 3F 00 00 00 00 87
A9 71 C8 9A 99 99 3E 00 00 00 00 F4 7A DE ED 9A
99 99 3E 00 00 00 00 E8 6E 2F D8 9A 99 99 3E 00
00 00 00 BA 26 E5 CA 00 00 80 3F 00 00 00 00 02
ED 26 05 00 00 00 00 00 00 00 00 71 3E 89 20 00
00 00 00 00 00 00 00 6D 2A 78 15 00 00 00 00 00
00 00 00 D7 D5 E3 9B 9A 99 99 3E 00 00 00 00 A4
06 4C BE 9A 99 99 3E 00 00 00 00 B8 12 BD 8B 9A
99 99 3E 00 00 00 00 D3 A1 A1 11 CD CC CC 3E 00
00 00 00 C3 1A 57 92 00 00 80 3F 00 00 00 00 B0
C9 F8 B7 CD CC 4C 3E 00 00 00 00 AC DD 09 82 CD
CC 4C 3E 00 00 00 00 E7 01 92 AA 00 00 80 3F 00
00 00 00 94 D2 3D 8F 00 00 00 3F 00 00 00 00 88
C6 CC BA 00 00 00 3F 00 00 00 00 F4 DC 9D 58 00
00 80 3F 00 00 00 00 16 00 00 00 00 00 00 00 97
07 53 BD C0 89 72 FF 00 00 00 00 90 1D 9B B2 00
00 00 FF 00 00 00 00 2F 0E 23 E3 8F 26 21 FF 00
00 00 00 36 E7 C0 2E 4B 26 15 FF 00 00 00 00 93
1A 08 1A 00 00 00 FF 00 00 00 00 2C 09 B0 4B 00
00 00 FF 00 00 00 00 35 E0 53 86 8C 00 44 FF 00
00 00 00 92 E7 86 7D C5 BC 6E FF 00 00 00 00 2D
F4 3E 2C 18 0E 49 FF 00 00 00 00 34 1D DD E1 77
41 45 FF 00 00 00 00 EC 83 A5 64 08 00 00 00 00
00 00 00 18 70 F5 77 08 00 00 00 00 00 00 00 98
E5 F3 E9 00 00 00 00 00 00 00 00 6C 16 A3 FA 00
00 00 00 00 00 00 00 F2 79 B3 3C 08 00 00 00 00
00 00 00 06 8A E3 2F 08 00 00 00 00 00 00 00 F1
62 B7 32 00 00 00 00 00 00 00 00 05 91 E7 21 00
00 00 00 00 00 00 00 57 02 E5 F7 08 00 00 00 00
00 00 00 A3 F1 B5 E4 08 00 00 00 00 00 00 00 D6
1F 8B 7B 00 00 00 00 00 00 00 00 22 EC DB 68 00
00 00 00 00 00 00 00 05 00 00 00 47 69 83 6C 00
00 00 00 00 00 00 00 00 00 00 00 00 00 00 00 5B
91 F9 F2 00 00 00 00 00 00 00 00 00 00 00 00 00
00 00 00 01 00 00 00 05 00 00 00 02 0B 17 13 00
00 00 00 07 00 00 00 00 00 00 00 5A C1 F6 4A 00
00 00 00 00 00 00 00 D9 0B 37 C3 E5 64 EA 3E 00
00 00 00 A3 00 FA B9 35 47 13 3F 00 00 00 00 AF
F0 FB 62 C6 FA A1 3D 00 00 00 00 76 40 08 06 00
00 00 00 00 00 00 00 C8 A7 9A A5 00 00 00 3F 00
00 00 00 74 B6 7E 02 00 00 00 00 00 00 00 00 02
00 00 00 00 00 00 00 14 08 E9 15 C4 B1 9A FF 00
00 00 00 09 C9 C7 A2 FE FE FE FF 00 00 00 00 05
00 00 00 93 4D 27 9B 00 00 00 00 00 00 00 00 00
00 00 00 00 00 00 00 27 79 04 D8 00 00 00 00 00
00 00 00 00 00 00 00 00 00 00 00 01 00 00 00 05
00 00 00 9D E6 76 86 00 00 00 00 07 00 00 00 00
00 00 00 5A C1 F6 4A 00 00 00 00 00 00 00 00 D9
0B 37 C3 8D B4 B4 3D 00 00 00 00 A3 00 FA B9 44
87 04 3E 00 00 00 00 AF F0 FB 62 14 41 3B 3F 00
00 00 00 76 40 08 06 00 00 00 00 00 00 00 00 C8
A7 9A A5 00 00 00 3F 00 00 00 00 74 B6 7E 02 00
00 00 00 00 00 00 00 02 00 00 00 00 00 00 00 14
08 E9 15 B1 9D 86 FF 00 00 00 00 09 C9 C7 A2 FE
FE FE FF 00 00 00 00 05 00 00 00 BD C8 8A 07 00
00 00 00 00 00 00 00 00 00 00 00 00 00 00 00 C6
A1 B0 BD 00 00 00 00 00 00 00 00 00 00 00 00 00
00 00 00 01 00 00 00 05 00 00 00 0A C9 C7 EB 00
00 00 00 07 00 00 00 00 00 00 00 5A C1 F6 4A 00
00 00 00 00 00 00 00 D9 0B 37 C3 00 00 00 00 00
00 00 00 A3 00 FA B9 35 47 13 3F 00 00 00 00 AF
F0 FB 62 C6 FA A1 3D 00 00 00 00 76 40 08 06 00
00 00 00 00 00 00 00 C8 A7 9A A5 00 00 00 3F 00
00 00 00 74 B6 7E 02 00 00 00 00 00 00 00 00 02
00 00 00 00 00 00 00 14 08 E9 15 FE FE FE FF 00
00 00 00 09 C9 C7 A2 FE FE FE FF 00 00 00 00 05
00 00 00 5E 88 47 A0 00 00 00 00 00 00 00 00 00
00 00 00 00 00 00 00 55 F0 9D CE 00 00 00 00 00
00 00 00 00 00 00 00 00 00 00 00 01 00 00 00 05
00 00 00 4B C4 36 97 00 00 00 00 00 00 00 00 00
00 00 00 01 00 00 00 00 00 00 00 AC 34 2A 44 11
10 04 FF 00 00 00 00 05 00 00 00 58 4D 42 27 E8
4A 8D 58 62 32 15 F0 A5 80 CF 98 BF 53 06 8C 7E
C5 FE DB 00 00 00 00 00 00 00 00 00 00 00 00 00
00 00 00 02 00 00 00 05 00 00 00 4C 6E 6B 31 00
00 00 00 00 00 00 00 00 00 00 00 01 00 00 00 00
00 00 00 97 07 53 BD C0 89 72 FF 00 00 00 00 05
00 00 00 DB 66 5B 8A 00 00 00 00 00 00 00 00 00
00 00 00 01 00 00 00 00 00 00 00 97 07 53 BD C0
89 72 FF 00 00 00 00
