02 00 00 00 07 00 00 00 61 4A 6B 14 D5 39 F4 25
49 8A B6 DF 86 A4 99 A9 00 00 00 00 00 00 00 00
00 00 00 00 00 00 00 00 D8 00 00 00 00 00 00 00
94 93 D0 FC F6 67 6C DD D3 40 E7 65 00 00 00 00
0C 00 04 00 04 00 0F 00 E8 9C 01 00 E8 9C 01 00
C0 9C 07 00 C0 9C 07 00 9D C4 01 00 13 AC 0B 00
13 AC 0B 00 6B C1 03 00 6B C1 03 00 44 A5 0C 00
BB C4 08 00 55 B3 01 00 16 63 07 00 16 63 07 00
3E 63 0F 00 3E 63 0F 00 61 3B 08 00 EB 53 07 00
EB 53 07 00 93 3E 0F 00 93 3E 0F 00 BA 5A 08 00
43 3B 03 00 A9 4C 08 00 00 00 00 00 00 00 00 00
00 00 00 00 00 00 00 00 00 00 00 00 00 00 00 00
00 00 00 00 00 00 00 00 00 00 00 00 00 00 00 00
00 00 00 00 00 00 00 00 00 00 00 00 00 00 00 00
00 00 00 00 00 00 00 00 00 00 00 00 00 00 00 00
00 00 00 00 00 00 00 00 00 00 00 00 00 00 00 00
00 00 00 00 00 00 00 00 06 00 00 00 00 00 00 00
AC 41 63 AB 04 41 5F 75 7D 8A AA DB F6 76 1E FD
58 7B 24 8B 01 00 00 00 00 00 00 00 B9 0D 01 47
50 45 80 BF B3 FA 5C 1D 6E 08 A7 96 E8 39 AB B4
04 00 00 00 00 00 00 00 50 55 BB C5 71 48 60 E1
63 A3 4C 6B 10 03 B4 67 74 E4 09 B7 00 00 00 00
00 00 00 00 95 1A 60 13 51 4F 54 70 6C 7B 4F 85
84 B8 47 82 FE F5 7C 86 00 00 00 00 00 00 00 00
22 EE 87 17 24 4D C4 BF 6A 17 06 66 7E 8C FB FC
54 B5 0A A4 00 00 00 00 00 00 00 00 E2 04 0B 19
3B 44 48 A4 13 C1 17 62 11 8E BA 08 B1 1B AA 82
00 00 00 00 06 00 00 00 05 00 00 00 34 EB 8B A9
65 40 6D A4 C1 7C CD 2F CE 67 D5 F9 AB BF BA 84
1D 3D A1 A2 00 00 00 00 00 00 00 00 00 00 00 00
00 00 00 00 01 00 00 00 05 00 00 00 8E 9E 12 72
03 00 00 00 00 00 00 00 04 00 00 00 00 00 00 00
00 00 00 00 00 00 00 00 00 00 00 00 00 09 00 00
00 00 00 00 00 00 00 00 00 00 00 00 00 00 00 00
00 00 0D 00 00 00 00 00 00 00 00 00 00 00 00 00
00 00 00 19 00 00 00 00 00 00 00 E2 27 77 E8 3B
8E 3D 3F 00 00 00 00 58 CB 61 93 FA 19 43 3F 00
00 00 00 0F D2 4A 55 61 17 CE 3E 00 00 00 00 64
12 C4 CF 68 90 F8 3E 00 00 00 00 B0 83 58 B9 33
33 33 3F 00 00 00 00 C3 50 F7 9C 33 33 33 3F 00
00 00 00 DF 44 06 A9 33 33 33 3F 00 00 00 00 87
A9 71 C8 9A 99 99 3E 00 00 00 00 F4 7A DE ED 9A
99 99 3E 00 00 00 00 E8 6E 2F D8 9A 99 99 3E 00
00 00 00 BA 26 E5 CA 00 00 80 3F 00 00 00 00 02
ED 26 05 00 00 00 00 00 00 00 00 71 3E 89 20 00
00 00 00 00 00 00 00 6D 2A 78 15 00 00 00 00 00
00 00 00 D7 D5 E3 9B 9A 99 99 3E 00 00 00 00 A4
06 4C BE 9A 99 99 3E 00 00 00 00 B8 12 BD 8B 9A
99 99 3E 00 00 00 00 D3 A1 A1 11 CD CC CC 3E 00
00 00 00 C3 1A 57 92 CD CC CC 3E 00 00 00 00 B0
C9 F8 B7 CD CC CC 3E 00 00 00 00 AC DD 09 82 CD
CC CC 3E 00 00 00 00 E7 01 92 AA 00 00 00 3F 00
00 00 00 94 D2 3D 8F 00 00 00 3F 00 00 00 00 88
C6 CC BA 00 00 00 3F 00 00 00 00 F4 DC 9D 58 00
00 80 3F 00 00 00 00 16 00 00 00 00 00 00 00 97
07 53 BD B1 79 63 FF 00 00 00 00 90 1D 9B B2 00
00 00 FF 00 00 00 00 2F 0E 23 E3 FE F1 DA FF 00
00 00 00 36 E7 C0 2E 4B 26 15 FF 00 00 00 00 93
1A 08 1A 00 00 00 FF 00 00 00 00 2C 09 B0 4B 00
00 00 FF 00 00 00 00 35 E0 53 86 8C 0B 45 FF 00
00 00 00 92 E7 86 7D 87 26 2E FF 00 00 00 00 2D
F4 3E 2C 61 15 0C FF 00 00 00 00 34 1D DD E1 8A
6B 59 FF 00 00 00 00 EC 83 A5 64 08 00 00 00 00
00 00 00 18 70 F5 77 08 00 00 00 00 00 00 00 98
E5 F3 E9 00 00 00 00 00 00 00 00 6C 16 A3 FA 00
00 00 00 00 00 00 00 F2 79 B3 3C 08 00 00 00 00
00 00 00 06 8A E3 2F 04 00 00 00 00 00 00 00 F1
62 B7 32 00 00 00 00 00 00 00 00 05 91 E7 21 00
00 00 00 00 00 00 00 57 02 E5 F7 08 00 00 00 00
00 00 00 A3 F1 B5 E4 08 00 00 00 00 00 00 00 D6
1F 8B 7B 00 00 00 00 00 00 00 00 22 EC DB 68 00
00 00 00 00 00 00 00 05 00 00 00 47 69 83 6C 00
00 00 00 00 00 00 00 00 00 00 00 00 00 00 00 87
31 CD 3B 00 00 00 00 00 00 00 00 00 00 00 00 00
00 00 00 01 00 00 00 05 00 00 00 FA E8 F2 CE 00
00 00 00 07 00 00 00 00 00 00 00 5A C1 F6 4A 00
00 00 00 00 00 00 00 D9 0B 37 C3 DD EE E5 3D 00
00 00 00 A3 00 FA B9 9B 45 06 3F 00 00 00 00 AF
F0 FB 62 08 66 0A 3F 00 00 00 00 76 40 08 06 00
00 00 00 00 00 00 00 C8 A7 9A A5 00 00 00 3F 00
00 00 00 74 B6 7E 02 00 00 00 00 00 00 00 00 02
00 00 00 00 00 00 00 14 08 E9 15 E7 C0 A1 FF 00
00 00 00 09 C9 C7 A2 FE FE FE FF 00 00 00 00 05
00 00 00 93 4D 27 9B 00 00 00 00 00 00 00 00 00
00 00 00 00 00 00 00 45 E4 4B A6 00 00 00 00 00
00 00 00 00 00 00 00 00 00 00 00 01 00 00 00 05
00 00 00 84 A6 08 40 00 00 00 00 07 00 00 00 00
00 00 00 5A C1 F6 4A 00 00 00 00 00 00 00 00 D9
0B 37 C3 00 00 00 00 00 00 00 00 A3 00 FA B9 E1
61 CC 3E 00 00 00 00 AF F0 FB 62 09 9D 3F 3F 00
00 00 00 76 40 08 06 00 00 00 00 00 00 00 00 C8
A7 9A A5 00 00 00 3F 00 00 00 00 74 B6 7E 02 00
00 00 00 00 00 00 00 02 00 00 00 00 00 00 00 14
08 E9 15 FE FE FE FF 00 00 00 00 09 C9 C7 A2 FE
FE FE FF 00 00 00 00 05 00 00 00 BD C8 8A 07 00
00 00 00 00 00 00 00 00 00 00 00 00 00 00 00 A9
17 06 7E 00 00 00 00 00 00 00 00 00 00 00 00 00
00 00 00 01 00 00 00 05 00 00 00 1D 3F 76 3A 00
00 00 00 07 00 00 00 00 00 00 00 5A C1 F6 4A 00
00 00 00 00 00 00 00 D9 0B 37 C3 00 00 00 00 00
00 00 00 A3 00 FA B9 9B 45 06 3F 00 00 00 00 AF
F0 FB 62 08 66 0A 3F 00 00 00 00 76 40 08 06 00
00 00 00 00 00 00 00 C8 A7 9A A5 00 00 00 3F 00
00 00 00 74 B6 7E 02 00 00 00 00 00 00 00 00 02
00 00 00 00 00 00 00 14 08 E9 15 FE FE FE FF 00
00 00 00 09 C9 C7 A2 FE FE FE FF 00 00 00 00 05
00 00 00 5E 88 47 A0 00 00 00 00 00 00 00 00 00
00 00 00 00 00 00 00 55 F0 9D CE 00 00 00 00 00
00 00 00 00 00 00 00 00 00 00 00 01 00 00 00 05
00 00 00 4B C4 36 97 00 00 00 00 00 00 00 00 00
00 00 00 01 00 00 00 00 00 00 00 AC 34 2A 44 1A
0D 02 FF 00 00 00 00 05 00 00 00 58 4D 42 27 F5
48 68 85 A3 42 50 FA 2D 1B 19 98 DC 02 36 BF 9A
1B B3 61 00 00 00 00 00 00 00 00 00 00 00 00 00
00 00 00 02 00 00 00 05 00 00 00 A9 79 C9 73 00
00 00 00 00 00 00 00 00 00 00 00 01 00 00 00 00
00 00 00 97 07 53 BD B1 79 63 FF 00 00 00 00 05
00 00 00 2C A1 1F A4 00 00 00 00 00 00 00 00 00
00 00 00 01 00 00 00 00 00 00 00 97 07 53 BD B1
79 63 FF 00 00 00 00
