02 00 00 00 07 00 00 00 AD 4C B0 EF 94 4A 79 D0
53 C2 D3 B4 58 25 38 AD 00 00 00 00 00 00 00 00
00 00 00 00 00 00 00 00 D8 00 00 00 00 00 00 00
94 93 D0 FC 54 EB F4 9E 04 52 D7 65 00 00 00 00
0C 00 04 00 04 00 1D 00 3A AC 01 00 3A AC 01 00
09 C9 03 00 09 C9 03 00 FC 60 02 00 22 44 05 00
22 44 05 00 6D 52 0B 00 6D 52 0B 00 AC 19 03 00
15 BC 03 00 DC 59 06 00 C4 53 1D 00 C4 53 1D 00
F5 36 07 00 F5 36 07 00 E9 6B 05 00 DC BB 0D 00
DC BB 0D 00 91 AD 0E 00 91 AD 0E 00 D9 7F 04 00
E9 43 07 00 22 A6 09 00 00 00 00 00 00 00 00 00
00 00 08 00 00 00 08 00 00 00 08 00 00 00 00 00
00 00 00 00 00 00 00 00 00 00 00 00 2B 1F 0B 00
00 00 00 00 00 00 00 00 00 00 00 00 00 00 00 00
00 00 0B 00 00 00 0B 00 19 33 0E 00 00 00 00 00
00 00 00 00 00 00 00 00 00 00 00 00 4D 47 0C 00
00 00 00 00 00 00 00 00 06 00 00 00 00 00 00 00
AC 41 63 AB 04 41 5F 75 7D 8A AA DB F6 76 1E FD
58 7B 24 8B 01 00 00 00 00 00 00 00 B9 0D 01 47
50 45 80 BF B3 FA 5C 1D 6E 08 A7 96 E8 39 AB B4
04 00 00 00 00 00 00 00 50 55 BB C5 71 48 60 E1
63 A3 4C 6B 10 03 B4 67 74 E4 09 B7 00 00 00 00
00 00 00 00 95 1A 60 13 F6 44 66 E8 64 54 00 73
B3 5F B1 BC 91 C0 92 A1 00 00 00 00 00 00 00 00
22 EE 87 17 24 4D C4 BF 6A 17 06 66 7E 8C FB FC
54 B5 0A A4 00 00 00 00 00 00 00 00 E2 04 0B 19
3B 44 48 A4 13 C1 17 62 11 8E BA 08 B1 1B AA 82
00 00 00 00 06 00 00 00 05 00 00 00 34 EB 8B A9
E9 47 4B AA FA BB 23 2B BA 39 FC A2 F7 2A C8 9B
AC AC A7 F3 00 00 00 00 00 00 00 00 00 00 00 00
00 00 00 00 01 00 00 00 05 00 00 00 8E 9E 12 72
04 00 00 00 00 00 00 00 04 00 00 00 00 00 00 00
00 00 00 00 00 00 00 00 00 00 00 00 00 09 00 00
00 00 00 00 00 00 00 00 00 00 00 00 00 00 00 00
00 00 0C A2 4D E5 B9 C9 46 9A 22 2C E5 42 76 00
8F 5E 87 00 00 00 00 0E EC 45 F4 2B CD D3 19 8F
48 6E 2C A8 80 77 89 81 19 00 00 00 00 00 00 00
E2 27 77 E8 9D 00 B6 3C 00 00 00 00 58 CB 61 93
00 00 00 00 00 00 00 00 0F D2 4A 55 00 00 00 00
00 00 00 00 64 12 C4 CF 00 00 00 00 00 00 00 00
B0 83 58 B9 33 33 33 3F 00 00 00 00 C3 50 F7 9C
33 33 33 3F 00 00 00 00 DF 44 06 A9 33 33 33 3F
00 00 00 00 87 A9 71 C8 9A 99 99 3E 00 00 00 00
F4 7A DE ED 9A 99 99 3E 00 00 00 00 E8 6E 2F D8
9A 99 99 3E 00 00 00 00 BA 26 E5 CA 00 00 80 3F
00 00 00 00 02 ED 26 05 00 00 00 00 00 00 00 00
71 3E 89 20 00 00 00 00 00 00 00 00 6D 2A 78 15
00 00 00 00 00 00 00 00 D7 D5 E3 9B 9A 99 99 3E
00 00 00 00 A4 06 4C BE 9A 99 99 3E 00 00 00 00
B8 12 BD 8B 9A 99 99 3E 00 00 00 00 D3 A1 A1 11
CD CC CC 3E 00 00 00 00 C3 1A 57 92 CD CC 4C 3E
00 00 00 00 B0 C9 F8 B7 CD CC 4C 3E 00 00 00 00
AC DD 09 82 CD CC 4C 3E 00 00 00 00 E7 01 92 AA
00 00 00 3F 00 00 00 00 94 D2 3D 8F 00 00 00 3F
00 00 00 00 88 C6 CC BA 00 00 00 3F 00 00 00 00
F4 DC 9D 58 43 A0 1A 3F 00 00 00 00 16 00 00 00
00 00 00 00 97 07 53 BD 94 69 52 FF 00 00 00 00
90 1D 9B B2 00 00 00 FF 00 00 00 00 2F 0E 23 E3
FE E7 C9 FF 00 00 00 00 36 E7 C0 2E 4D 26 1A FF
00 00 00 00 93 1A 08 1A 00 00 00 FF 00 00 00 00
2C 09 B0 4B 00 00 00 FF 00 00 00 00 35 E0 53 86
8C 00 44 FF 00 00 00 00 92 E7 86 7D A8 4E 4E FF
00 00 00 00 2D F4 3E 2C 48 15 15 FF 00 00 00 00
34 1D DD E1 A5 2C 42 FF 00 00 00 00 EC 83 A5 64
08 00 00 00 00 00 00 00 18 70 F5 77 08 00 00 00
00 00 00 00 98 E5 F3 E9 00 00 00 00 00 00 00 00
6C 16 A3 FA 00 00 00 00 00 00 00 00 F2 79 B3 3C
08 00 00 00 00 00 00 00 06 8A E3 2F 08 00 00 00
00 00 00 00 F1 62 B7 32 00 00 00 00 00 00 00 00
05 91 E7 21 00 00 00 00 00 00 00 00 57 02 E5 F7
08 00 00 00 00 00 00 00 A3 F1 B5 E4 08 00 00 00
00 00 00 00 D6 1F 8B 7B 00 00 00 00 00 00 00 00
22 EC DB 68 00 00 00 00 00 00 00 00 05 00 00 00
47 69 83 6C 00 00 00 00 00 00 00 00 00 00 00 00
00 00 00 00 38 32 85 93 00 00 00 00 00 00 00 00
00 00 00 00 00 00 00 00 01 00 00 00 05 00 00 00
0A 6B 87 28 00 00 00 00 07 00 00 00 00 00 00 00
5A C1 F6 4A 00 00 00 00 00 00 00 00 D9 0B 37 C3
00 00 00 00 00 00 00 00 A3 00 FA B9 75 CB 63 3F
00 00 00 00 AF F0 FB 62 CF BA 08 3E 00 00 00 00
76 40 08 06 00 00 00 00 00 00 00 00 C8 A7 9A A5
00 00 00 3F 00 00 00 00 74 B6 7E 02 00 00 00 00
00 00 00 00 02 00 00 00 00 00 00 00 14 08 E9 15
FE FE FE FF 00 00 00 00 09 C9 C7 A2 FE FE FE FF
00 00 00 00 05 00 00 00 93 4D 27 9B 00 00 00 00
00 00 00 00 00 00 00 00 00 00 00 00 1C AF 7D 01
00 00 00 00 00 00 00 00 00 00 00 00 00 00 00 00
01 00 00 00 05 00 00 00 54 69 4B 0D 00 00 00 00
07 00 00 00 00 00 00 00 5A C1 F6 4A 00 00 00 00
00 00 00 00 D9 0B 37 C3 F8 33 9C 3D 00 00 00 00
A3 00 FA B9 E4 A0 78 3E 00 00 00 00 AF F0 FB 62
28 9B 57 3F 00 00 00 00 76 40 08 06 00 00 00 00
00 00 00 00 C8 A7 9A A5 00 00 00 3F 00 00 00 00
74 B6 7E 02 00 00 00 00 00 00 00 00 02 00 00 00
00 00 00 00 14 08 E9 15 D1 B7 9F FF 00 00 00 00
09 C9 C7 A2 FE FE FE FF 00 00 00 00 05 00 00 00
BD C8 8A 07 00 00 00 00 00 00 00 00 00 00 00 00
00 00 00 00 72 36 C9 D4 00 00 00 00 00 00 00 00
00 00 00 00 00 00 00 00 01 00 00 00 05 00 00 00
1D 3F 76 3A 00 00 00 00 07 00 00 00 00 00 00 00
5A C1 F6 4A 00 00 00 00 00 00 00 00 D9 0B 37 C3
00 00 00 00 00 00 00 00 A3 00 FA B9 75 CB 63 3F
00 00 00 00 AF F0 FB 62 CF BA 08 3E 00 00 00 00
76 40 08 06 00 00 00 00 00 00 00 00 C8 A7 9A A5
00 00 00 3F 00 00 00 00 74 B6 7E 02 00 00 00 00
00 00 00 00 02 00 00 00 00 00 00 00 14 08 E9 15
FE FE FE FF 00 00 00 00 09 C9 C7 A2 FE FE FE FF
00 00 00 00 05 00 00 00 5E 88 47 A0 00 00 00 00
00 00 00 00 00 00 00 00 00 00 00 00 55 F0 9D CE
00 00 00 00 00 00 00 00 00 00 00 00 00 00 00 00
01 00 00 00 05 00 00 00 4B C4 36 97 00 00 00 00
00 00 00 00 00 00 00 00 01 00 00 00 00 00 00 00
AC 34 2A 44 1A 0D 02 FF 00 00 00 00 05 00 00 00
58 4D 42 27 E8 4A 8D 58 62 32 15 F0 A5 80 CF 98
BF 53 06 8C 7E C5 FE DB 00 00 00 00 00 00 00 00
00 00 00 00 00 00 00 00 02 00 00 00 05 00 00 00
4C 6E 6B 31 00 00 00 00 00 00 00 00 00 00 00 00
01 00 00 00 00 00 00 00 97 07 53 BD 94 69 52 FF
00 00 00 00 05 00 00 00 DB 66 5B 8A 00 00 00 00
00 00 00 00 00 00 00 00 01 00 00 00 00 00 00 00
97 07 53 BD 94 69 52 FF 00 00 00 00
