02 00 00 00 07 00 00 00 61 4A 6B 14 D5 39 F4 25
49 8A B6 DF 86 A4 99 A9 00 00 00 00 00 00 00 00
00 00 00 00 00 00 00 00 D8 00 00 00 00 00 00 00
94 93 D0 FC F6 67 6C DD D3 40 E7 65 00 00 00 00
0C 00 04 00 04 00 1B 00 9C 8A 0F 00 9C 8A 0F 00
75 24 01 00 75 24 01 00 BB 4D 02 00 CF A4 0C 00
CF A4 0C 00 00 00 07 00 00 00 07 00 0F 5C 04 00
91 2C 03 00 68 A0 06 00 72 32 18 00 72 32 18 00
00 00 07 00 00 00 07 00 80 99 06 00 24 32 14 00
24 32 14 00 00 00 18 00 00 00 18 00 00 00 05 00
B3 2B 09 00 96 5F 0B 00 09 22 19 00 09 22 19 00
7C 8D 0B 00 7C 8D 0B 00 C2 18 0E 00 0B 29 19 00
0B 29 19 00 16 B2 19 00 16 B2 19 00 91 82 07 00
B5 67 0F 00 00 00 00 00 E6 20 1B 00 E6 20 1B 00
0C 4E 0F 00 0C 4E 0F 00 00 00 1B 00 00 00 00 00
00 00 00 00 E8 4D 1A 00 E8 4D 1A 00 5D 21 08 00
05 40 19 00 00 00 00 00 07 00 00 00 00 00 00 00
AC 41 63 AB 04 41 5F 75 7D 8A AA DB F6 76 1E FD
58 7B 24 8B 01 00 00 00 00 00 00 00 B9 0D 01 47
50 45 80 BF B3 FA 5C 1D 6E 08 A7 96 E8 39 AB B4
05 00 00 00 00 00 00 00 50 55 BB C5 71 48 60 E1
63 A3 4C 6B 10 03 B4 67 74 E4 09 B7 00 00 00 00
00 00 00 00 95 1A 60 13 99 4A BC D0 38 37 34 F2
3D 06 D5 9C AA 98 11 BD 00 00 00 00 00 00 00 00
22 EE 87 17 4E 4E 9C 65 E4 83 01 C4 67 9D 3B 3A
B3 70 96 8F 00 00 00 00 00 00 00 00 E2 04 0B 19
3B 44 48 A4 13 C1 17 62 11 8E BA 08 B1 1B AA 82
00 00 00 00 00 00 00 00 1C BB EF 98 40 4F 05 DD
34 4F BB 59 E0 98 25 64 61 01 F9 93 00 00 00 00
06 00 00 00 05 00 00 00 34 EB 8B A9 86 48 97 B3
1D CD 55 9C FD 16 59 57 38 BC A4 B1 4A ED 3E E6
00 00 00 00 00 00 00 00 00 00 00 00 00 00 00 00
01 00 00 00 05 00 00 00 8E 9E 12 72 04 00 00 00
00 00 00 00 04 00 00 00 00 00 00 00 00 00 00 00
00 00 00 00 00 00 00 00 00 09 00 00 00 00 00 00
00 00 00 00 00 00 00 00 00 00 00 00 00 00 0C 44
4F BC 21 B3 F3 43 B6 54 79 FD 40 E1 0D E5 95 00
00 00 00 0E EC 45 F4 2B CD D3 19 8F 48 6E 2C A8
80 77 89 81 19 00 00 00 00 00 00 00 E2 27 77 E8
5B 40 2C 3F 00 00 00 00 58 CB 61 93 F9 9D 48 3F
00 00 00 00 0F D2 4A 55 8C 0A B9 3C 00 00 00 00
64 12 C4 CF B8 BA 2E 3E 00 00 00 00 B0 83 58 B9
33 33 33 3F 00 00 00 00 C3 50 F7 9C 33 33 33 3F
00 00 00 00 DF 44 06 A9 33 33 33 3F 00 00 00 00
87 A9 71 C8 9A 99 99 3E 00 00 00 00 F4 7A DE ED
9A 99 99 3E 00 00 00 00 E8 6E 2F D8 9A 99 99 3E
00 00 00 00 BA 26 E5 CA 00 00 80 3F 00 00 00 00
02 ED 26 05 00 00 00 00 00 00 00 00 71 3E 89 20
00 00 00 00 00 00 00 00 6D 2A 78 15 00 00 00 00
00 00 00 00 D7 D5 E3 9B 9A 99 99 3E 00 00 00 00
A4 06 4C BE 9A 99 99 3E 00 00 00 00 B8 12 BD 8B
9A 99 99 3E 00 00 00 00 D3 A1 A1 11 33 33 33 3F
00 00 00 00 C3 1A 57 92 CD CC 4C 3E 00 00 00 00
B0 C9 F8 B7 CD CC 4C 3E 00 00 00 00 AC DD 09 82
CD CC 4C 3E 00 00 00 00 E7 01 92 AA 00 00 00 3F
00 00 00 00 94 D2 3D 8F 00 00 00 3F 00 00 00 00
88 C6 CC BA 00 00 00 3F 00 00 00 00 F4 DC 9D 58
00 00 80 3F 00 00 00 00 16 00 00 00 00 00 00 00
97 07 53 BD 79 47 34 FF 00 00 00 00 90 1D 9B B2
00 00 00 FF 00 00 00 00 2F 0E 23 E3 00 00 00 FF
00 00 00 00 36 E7 C0 2E 00 00 00 FF 00 00 00 00
93 1A 08 1A 00 00 00 FF 00 00 00 00 2C 09 B0 4B
00 00 00 FF 00 00 00 00 35 E0 53 86 00 00 00 FF
00 00 00 00 92 E7 86 7D 00 00 00 FF 00 00 00 00
2D F4 3E 2C 00 00 00 FF 00 00 00 00 34 1D DD E1
53 0C 20 FF 00 00 00 00 EC 83 A5 64 08 00 00 00
00 00 00 00 18 70 F5 77 08 00 00 00 00 00 00 00
98 E5 F3 E9 00 00 00 00 00 00 00 00 6C 16 A3 FA
00 00 00 00 00 00 00 00 F2 79 B3 3C 08 00 00 00
00 00 00 00 06 8A E3 2F 08 00 00 00 00 00 00 00
F1 62 B7 32 00 00 00 00 00 00 00 00 05 91 E7 21
00 00 00 00 00 00 00 00 57 02 E5 F7 08 00 00 00
00 00 00 00 A3 F1 B5 E4 08 00 00 00 00 00 00 00
D6 1F 8B 7B 00 00 00 00 00 00 00 00 22 EC DB 68
00 00 00 00 00 00 00 00 05 00 00 00 47 69 83 6C
00 00 00 00 00 00 00 00 00 00 00 00 00 00 00 00
42 E2 77 6F 00 00 00 00 00 00 00 00 00 00 00 00
00 00 00 00 01 00 00 00 05 00 00 00 17 AD 1F 1F
00 00 00 00 07 00 00 00 00 00 00 00 5A C1 F6 4A
00 00 80 3F 00 00 00 00 D9 0B 37 C3 73 F7 05 3E
00 00 00 00 A3 00 FA B9 00 00 00 00 00 00 00 00
AF F0 FB 62 00 00 00 00 00 00 00 00 76 40 08 06
00 00 80 3F 00 00 00 00 C8 A7 9A A5 00 00 00 3F
00 00 00 00 74 B6 7E 02 B3 AA 8D 3D 00 00 00 00
02 00 00 00 00 00 00 00 14 08 E9 15 29 62 B7 FF
00 00 00 00 09 C9 C7 A2 00 00 00 FF 00 00 00 00
05 00 00 00 93 4D 27 9B 00 00 00 00 00 00 00 00
00 00 00 00 00 00 00 00 61 70 55 C4 00 00 00 00
00 00 00 00 00 00 00 00 00 00 00 00 01 00 00 00
05 00 00 00 EC A9 30 94 00 00 00 00 07 00 00 00
00 00 00 00 5A C1 F6 4A 00 00 80 3F 00 00 00 00
D9 0B 37 C3 19 4D E4 3C 00 00 00 00 A3 00 FA B9
00 00 00 00 00 00 00 00 AF F0 FB 62 00 00 00 00
00 00 00 00 76 40 08 06 00 00 80 3F 00 00 00 00
C8 A7 9A A5 00 00 00 3F 00 00 00 00 74 B6 7E 02
F4 C1 46 3C 00 00 00 00 02 00 00 00 00 00 00 00
14 08 E9 15 29 62 B7 FF 00 00 00 00 09 C9 C7 A2
00 00 00 FF 00 00 00 00 05 00 00 00 BD C8 8A 07
00 00 00 00 00 00 00 00 00 00 00 00 00 00 00 00
B0 7C 36 91 00 00 00 00 00 00 00 00 00 00 00 00
00 00 00 00 01 00 00 00 05 00 00 00 63 AD 37 9F
00 00 00 00 07 00 00 00 00 00 00 00 5A C1 F6 4A
00 00 80 3F 00 00 00 00 D9 0B 37 C3 A9 3B B2 3C
00 00 00 00 A3 00 FA B9 00 00 00 00 00 00 00 00
AF F0 FB 62 00 00 00 00 00 00 00 00 76 40 08 06
00 00 80 3F 00 00 00 00 C8 A7 9A A5 00 00 00 3F
00 00 00 00 74 B6 7E 02 CD 0D 07 3C 00 00 00 00
02 00 00 00 00 00 00 00 14 08 E9 15 29 62 B7 FF
00 00 00 00 09 C9 C7 A2 00 00 00 FF 00 00 00 00
05 00 00 00 5E 88 47 A0 00 00 00 00 00 00 00 00
00 00 00 00 00 00 00 00 55 F0 9D CE 00 00 00 00
00 00 00 00 00 00 00 00 00 00 00 00 01 00 00 00
05 00 00 00 4B C4 36 97 00 00 00 00 00 00 00 00
00 00 00 00 01 00 00 00 00 00 00 00 AC 34 2A 44
4B 61 83 FF 00 00 00 00 05 00 00 00 58 4D 42 27
F5 48 68 85 A3 42 50 FA 2D 1B 19 98 DC 02 36 BF
9A 1B B3 61 00 00 00 00 00 00 00 00 00 00 00 00
00 00 00 00 02 00 00 00 05 00 00 00 A9 79 C9 73
00 00 00 00 00 00 00 00 00 00 00 00 01 00 00 00
00 00 00 00 97 07 53 BD 79 47 34 FF 00 00 00 00
05 00 00 00 2C A1 1F A4 00 00 00 00 00 00 00 00
00 00 00 00 01 00 00 00 00 00 00 00 97 07 53 BD
79 47 34 FF 00 00 00 00
