02 00 00 00 07 00 00 00 61 4A 6B 14 D5 39 F4 25
49 8A B6 DF 86 A4 99 A9 00 00 00 00 00 00 00 00
00 00 00 00 00 00 00 00 D8 00 00 00 00 00 00 00
94 93 D0 FC F6 67 6C DD D3 40 E7 65 00 00 00 00
0C 00 04 00 04 00 1B 00 BC BC 0C 00 BC BC 0C 00
60 C1 03 00 60 C1 03 00 3A B6 05 00 34 C5 0E 00
34 C5 0E 00 8D C4 0C 00 8D C4 0C 00 16 A1 0C 00
0F CA 01 00 FC C8 01 00 42 43 0F 00 42 43 0F 00
9E 3E 0B 00 9E 3E 0B 00 C4 49 1B 00 CA 3A 08 00
CA 3A 08 00 71 3B 03 00 71 3B 03 00 E8 5E 01 00
EF 35 0E 00 02 37 03 00 00 00 00 00 00 00 00 00
00 00 00 00 00 00 00 00 00 00 00 00 00 00 00 00
00 00 00 00 00 00 00 00 00 00 00 00 00 00 00 00
00 00 00 00 00 00 00 00 00 00 00 00 00 00 00 00
00 00 00 00 00 00 00 00 00 00 00 00 00 00 00 00
00 00 00 00 00 00 00 00 00 00 00 00 00 00 00 00
00 00 00 00 00 00 00 00 07 00 00 00 00 00 00 00
AC 41 63 AB 04 41 5F 75 7D 8A AA DB F6 76 1E FD
58 7B 24 8B 01 00 00 00 00 00 00 00 B9 0D 01 47
50 45 80 BF B3 FA 5C 1D 6E 08 A7 96 E8 39 AB B4
05 00 00 00 00 00 00 00 50 55 BB C5 71 48 60 E1
63 A3 4C 6B 10 03 B4 67 74 E4 09 B7 00 00 00 00
00 00 00 00 95 1A 60 13 AF 4A 25 E2 EA 6C DD 71
3B AE 83 20 2D 56 D7 B9 00 00 00 00 00 00 00 00
22 EE 87 17 09 4B AF 7D BC 0B EC 89 05 23 F3 8D
DD F8 8D A9 00 00 00 00 00 00 00 00 E2 04 0B 19
3B 44 48 A4 13 C1 17 62 11 8E BA 08 B1 1B AA 82
00 00 00 00 00 00 00 00 1C BB EF 98 EC 47 0D 74
3C 5F B2 92 68 CF 2E 0B F2 F2 E6 AA 00 00 00 00
06 00 00 00 05 00 00 00 34 EB 8B A9 7D 4E BF 50
B4 CA 33 1D B1 A1 E8 E5 56 EF 75 8C 12 E4 AD 56
00 00 00 00 00 00 00 00 00 00 00 00 00 00 00 00
01 00 00 00 05 00 00 00 8E 9E 12 72 03 00 00 00
00 00 00 00 04 00 00 00 00 00 00 00 00 00 00 00
00 00 00 00 00 00 00 00 00 09 00 00 00 00 00 00
00 00 00 00 00 00 00 00 00 00 00 00 00 00 0E 74
42 4E 92 C7 A0 D0 63 B4 D2 A4 4C 5D 76 62 AF 19
00 00 00 00 00 00 00 E2 27 77 E8 9A FD 14 3F 00
00 00 00 58 CB 61 93 54 E0 ED 3C 00 00 00 00 0F
D2 4A 55 53 8E CD 3E 00 00 00 00 64 12 C4 CF C7
D0 C3 3E 00 00 00 00 B0 83 58 B9 33 33 33 3F 00
00 00 00 C3 50 F7 9C 33 33 33 3F 00 00 00 00 DF
44 06 A9 33 33 33 3F 00 00 00 00 87 A9 71 C8 9A
99 99 3E 00 00 00 00 F4 7A DE ED 9A 99 99 3E 00
00 00 00 E8 6E 2F D8 9A 99 99 3E 00 00 00 00 BA
26 E5 CA 00 00 80 3F 00 00 00 00 02 ED 26 05 00
00 00 00 00 00 00 00 71 3E 89 20 00 00 00 00 00
00 00 00 6D 2A 78 15 00 00 00 00 00 00 00 00 D7
D5 E3 9B 9A 99 99 3E 00 00 00 00 A4 06 4C BE 9A
99 99 3E 00 00 00 00 B8 12 BD 8B 9A 99 99 3E 00
00 00 00 D3 A1 A1 11 CD CC CC 3E 00 00 00 00 C3
1A 57 92 CD CC 4C 3E 00 00 00 00 B0 C9 F8 B7 CD
CC 4C 3E 00 00 00 00 AC DD 09 82 CD CC 4C 3E 00
00 00 00 E7 01 92 AA 00 00 00 3F 00 00 00 00 94
D2 3D 8F 00 00 00 3F 00 00 00 00 88 C6 CC BA 00
00 00 3F 00 00 00 00 F4 DC 9D 58 00 00 80 3F 00
00 00 00 16 00 00 00 00 00 00 00 97 07 53 BD A7
79 67 FF 00 00 00 00 90 1D 9B B2 00 00 00 FF 00
00 00 00 2F 0E 23 E3 FE E6 C8 FF 00 00 00 00 36
E7 C0 2E 4B 26 15 FF 00 00 00 00 93 1A 08 1A 00
00 00 FF 00 00 00 00 2C 09 B0 4B 00 00 00 FF 00
00 00 00 35 E0 53 86 8C 00 44 FF 00 00 00 00 92
E7 86 7D 62 17 14 FF 00 00 00 00 2D F4 3E 2C A1
2E 37 FF 00 00 00 00 34 1D DD E1 8A 6C 5B FF 00
00 00 00 EC 83 A5 64 08 00 00 00 00 00 00 00 18
70 F5 77 08 00 00 00 00 00 00 00 98 E5 F3 E9 00
00 00 00 00 00 00 00 6C 16 A3 FA 00 00 00 00 00
00 00 00 F2 79 B3 3C 08 00 00 00 00 00 00 00 06
8A E3 2F 08 00 00 00 00 00 00 00 F1 62 B7 32 00
00 00 00 00 00 00 00 05 91 E7 21 00 00 00 00 00
00 00 00 57 02 E5 F7 08 00 00 00 00 00 00 00 A3
F1 B5 E4 08 00 00 00 00 00 00 00 D6 1F 8B 7B 00
00 00 00 00 00 00 00 22 EC DB 68 00 00 00 00 00
00 00 00 05 00 00 00 47 69 83 6C 00 00 00 00 00
00 00 00 00 00 00 00 00 00 00 00 5B 89 47 80 00
00 00 00 00 00 00 00 00 00 00 00 00 00 00 00 01
00 00 00 05 00 00 00 17 AD 1F 1F 00 00 00 00 07
00 00 00 00 00 00 00 5A C1 F6 4A 00 00 00 00 00
00 00 00 D9 0B 37 C3 00 00 00 00 00 00 00 00 A3
00 FA B9 04 80 18 3E 00 00 00 00 AF F0 FB 62 A1
F5 B2 3E 00 00 00 00 76 40 08 06 00 00 00 00 00
00 00 00 C8 A7 9A A5 00 00 00 3F 00 00 00 00 74
B6 7E 02 00 00 00 00 00 00 00 00 02 00 00 00 00
00 00 00 14 08 E9 15 FE FE FE FF 00 00 00 00 09
C9 C7 A2 FE FE FE FF 00 00 00 00 05 00 00 00 93
4D 27 9B 00 00 00 00 00 00 00 00 00 00 00 00 00
00 00 00 57 59 95 21 00 00 00 00 00 00 00 00 00
00 00 00 00 00 00 00 01 00 00 00 05 00 00 00 69
15 26 95 00 00 00 00 07 00 00 00 00 00 00 00 5A
C1 F6 4A 00 00 00 00 00 00 00 00 D9 0B 37 C3 10
DB 17 3E 00 00 00 00 A3 00 FA B9 52 02 19 3F 00
00 00 00 AF F0 FB 62 69 82 B7 3E 00 00 00 00 76
40 08 06 00 00 00 00 00 00 00 00 C8 A7 9A A5 00
00 00 3F 00 00 00 00 74 B6 7E 02 00 00 00 00 00
00 00 00 02 00 00 00 00 00 00 00 14 08 E9 15 A4
8E 76 FF 00 00 00 00 09 C9 C7 A2 FE FE FE FF 00
00 00 00 05 00 00 00 BD C8 8A 07 00 00 00 00 00
00 00 00 00 00 00 00 00 00 00 00 B1 96 45 0F 00
00 00 00 00 00 00 00 00 00 00 00 00 00 00 00 01
00 00 00 05 00 00 00 10 6D 19 75 00 00 00 00 07
00 00 00 00 00 00 00 5A C1 F6 4A 00 00 00 00 00
00 00 00 D9 0B 37 C3 00 00 00 00 00 00 00 00 A3
00 FA B9 52 02 19 3F 00 00 00 00 AF F0 FB 62 69
82 B7 3E 00 00 00 00 76 40 08 06 00 00 00 00 00
00 00 00 C8 A7 9A A5 00 00 00 3F 00 00 00 00 74
B6 7E 02 00 00 00 00 00 00 00 00 02 00 00 00 00
00 00 00 14 08 E9 15 FE FE FE FF 00 00 00 00 09
C9 C7 A2 FE FE FE FF 00 00 00 00 05 00 00 00 5E
88 47 A0 00 00 00 00 00 00 00 00 00 00 00 00 00
00 00 00 55 F0 9D CE 00 00 00 00 00 00 00 00 00
00 00 00 00 00 00 00 01 00 00 00 05 00 00 00 4B
C4 36 97 00 00 00 00 00 00 00 00 00 00 00 00 01
00 00 00 00 00 00 00 AC 34 2A 44 2F 0B 02 FF 00
00 00 00 05 00 00 00 58 4D 42 27 F5 48 68 85 A3
42 50 FA 2D 1B 19 98 DC 02 36 BF 9A 1B B3 61 00
00 00 00 00 00 00 00 00 00 00 00 00 00 00 00 02
00 00 00 05 00 00 00 A9 79 C9 73 00 00 00 00 00
00 00 00 00 00 00 00 01 00 00 00 00 00 00 00 97
07 53 BD A7 79 67 FF 00 00 00 00 05 00 00 00 2C
A1 1F A4 00 00 00 00 00 00 00 00 00 00 00 00 01
00 00 00 00 00 00 00 97 07 53 BD A7 79 67 FF 00
00 00 00
