02 00 00 00 07 00 00 00 AD 4C B0 EF 94 4A 79 D0
53 C2 D3 B4 58 25 38 AD 00 00 00 00 00 00 00 00
00 00 00 00 00 00 00 00 D8 00 00 00 00 00 00 00
94 93 D0 FC 54 EB F4 9E 04 52 D7 65 00 00 00 00
0C 00 04 00 04 00 12 00 FF 47 01 00 FF 47 01 00
07 5C 01 00 07 5C 01 00 67 E0 01 00 DD 75 00 00
DD 75 00 00 66 2E 01 00 66 2E 01 00 46 31 01 00
9F 71 01 00 6A 86 00 00 CC 69 03 00 CC 69 03 00
7B 0F 02 00 7B 0F 02 00 97 1F 0E 00 BF 39 01 00
BF 39 01 00 46 32 08 00 46 32 08 00 FF 27 03 00
5F 8E 04 00 CC 34 01 00 91 2E 0A 00 91 2E 0A 00
CF 18 04 00 CF 18 04 00 00 00 00 00 FF 23 03 00
FF 23 03 00 51 9F 0C 00 51 9F 0C 00 87 3C 04 00
00 00 00 00 C8 44 04 00 A0 1F 12 00 A0 1F 12 00
AB 7B 05 00 AB 7B 05 00 00 00 00 00 62 2C 0E 00
62 2C 0E 00 00 00 00 00 00 00 00 00 31 6A 07 00
00 00 00 00 00 00 00 00 06 00 00 00 00 00 00 00
AC 41 63 AB 04 41 5F 75 7D 8A AA DB F6 76 1E FD
58 7B 24 8B 01 00 00 00 00 00 00 00 B9 0D 01 47
50 45 80 BF B3 FA 5C 1D 6E 08 A7 96 E8 39 AB B4
04 00 00 00 00 00 00 00 50 55 BB C5 71 48 60 E1
63 A3 4C 6B 10 03 B4 67 74 E4 09 B7 00 00 00 00
00 00 00 00 95 1A 60 13 80 4C 94 E4 20 8D 68 9B
BC 4C DD 9D 98 E2 B7 B0 00 00 00 00 00 00 00 00
22 EE 87 17 24 4D C4 BF 6A 17 06 66 7E 8C FB FC
54 B5 0A A4 00 00 00 00 00 00 00 00 E2 04 0B 19
3B 44 48 A4 13 C1 17 62 11 8E BA 08 B1 1B AA 82
00 00 00 00 05 00 00 00 05 00 00 00 34 EB 8B A9
DC 4C 52 F9 36 7A 6A 9C 2E EE 93 33 B8 C9 64 82
B9 CD 38 2B 00 00 00 00 00 00 00 00 00 00 00 00
00 00 00 00 01 00 00 00 05 00 00 00 8E 9E 12 72
02 00 00 00 00 00 00 00 04 00 00 00 00 00 00 00
00 00 00 00 00 00 00 00 00 00 00 00 00 09 00 00
00 00 00 00 00 00 00 00 00 00 00 00 00 00 19 00
00 00 00 00 00 00 E2 27 77 E8 00 00 00 00 00 00
00 00 58 CB 61 93 00 00 00 00 00 00 00 00 0F D2
4A 55 00 00 00 00 00 00 00 00 64 12 C4 CF 00 00
00 00 00 00 00 00 B0 83 58 B9 00 00 00 00 00 00
00 00 C3 50 F7 9C 00 00 00 00 00 00 00 00 DF 44
06 A9 00 00 00 00 00 00 00 00 87 A9 71 C8 9A 99
99 3E 00 00 00 00 F4 7A DE ED 9A 99 99 3E 00 00
00 00 E8 6E 2F D8 9A 99 99 3E 00 00 00 00 BA 26
E5 CA 33 33 33 3F 00 00 00 00 02 ED 26 05 00 00
00 00 00 00 00 00 71 3E 89 20 00 00 00 00 00 00
00 00 6D 2A 78 15 00 00 00 00 00 00 00 00 D7 D5
E3 9B 9A 99 99 3E 00 00 00 00 A4 06 4C BE 9A 99
99 3E 00 00 00 00 B8 12 BD 8B 9A 99 99 3E 00 00
00 00 D3 A1 A1 11 33 33 33 3F 00 00 00 00 C3 1A
57 92 00 00 00 00 00 00 00 00 B0 C9 F8 B7 00 00
00 00 00 00 00 00 AC DD 09 82 00 00 00 00 00 00
00 00 E7 01 92 AA 9A 99 99 3E 00 00 00 00 94 D2
3D 8F 9A 99 99 3E 00 00 00 00 88 C6 CC BA 9A 99
99 3E 00 00 00 00 F4 DC 9D 58 33 33 33 3F 00 00
00 00 16 00 00 00 00 00 00 00 97 07 53 BD AD 7A
63 FF 00 00 00 00 90 1D 9B B2 00 00 00 FF 00 00
00 00 2F 0E 23 E3 00 00 00 FF 00 00 00 00 36 E7
C0 2E 00 00 00 FF 00 00 00 00 93 1A 08 1A 00 00
00 FF 00 00 00 00 2C 09 B0 4B 00 00 00 FF 00 00
00 00 35 E0 53 86 00 00 00 FF 00 00 00 00 92 E7
86 7D 00 00 00 FF 00 00 00 00 2D F4 3E 2C 00 00
00 FF 00 00 00 00 34 1D DD E1 00 00 00 FF 00 00
00 00 EC 83 A5 64 08 00 00 00 00 00 00 00 18 70
F5 77 08 00 00 00 00 00 00 00 98 E5 F3 E9 00 00
00 00 00 00 00 00 6C 16 A3 FA 00 00 00 00 00 00
00 00 F2 79 B3 3C 08 00 00 00 00 00 00 00 06 8A
E3 2F 08 00 00 00 00 00 00 00 F1 62 B7 32 00 00
00 00 00 00 00 00 05 91 E7 21 00 00 00 00 00 00
00 00 57 02 E5 F7 08 00 00 00 00 00 00 00 A3 F1
B5 E4 08 00 00 00 00 00 00 00 D6 1F 8B 7B 00 00
00 00 00 00 00 00 22 EC DB 68 00 00 00 00 00 00
00 00 05 00 00 00 47 69 83 6C 00 00 00 00 00 00
00 00 00 00 00 00 00 00 00 00 3E 41 B3 1C 00 00
00 00 00 00 00 00 00 00 00 00 00 00 00 00 01 00
00 00 05 00 00 00 C3 61 D0 AC 00 00 00 00 07 00
00 00 00 00 00 00 5A C1 F6 4A 00 00 00 00 00 00
00 00 D9 0B 37 C3 37 19 85 3F 00 00 00 00 A3 00
FA B9 46 09 6C 3E 00 00 00 00 AF F0 FB 62 C7 B2
58 3F 00 00 00 00 76 40 08 06 00 00 00 00 00 00
00 00 C8 A7 9A A5 CD CC CC 3D 00 00 00 00 74 B6
7E 02 00 00 00 00 00 00 00 00 02 00 00 00 00 00
00 00 14 08 E9 15 AD 92 79 FF 00 00 00 00 09 C9
C7 A2 FE FE FE FF 00 00 00 00 05 00 00 00 BD C8
8A 07 00 00 00 00 00 00 00 00 00 00 00 00 00 00
00 00 72 36 C9 D4 00 00 00 00 00 00 00 00 00 00
00 00 00 00 00 00 01 00 00 00 05 00 00 00 1D 3F
76 3A 00 00 00 00 07 00 00 00 00 00 00 00 5A C1
F6 4A 00 00 00 00 00 00 00 00 D9 0B 37 C3 37 19
85 3F 00 00 00 00 A3 00 FA B9 FE 80 C5 3E 00 00
00 00 AF F0 FB 62 D2 2D 35 3F 00 00 00 00 76 40
08 06 00 00 00 00 00 00 00 00 C8 A7 9A A5 CD CC
CC 3D 00 00 00 00 74 B6 7E 02 00 00 00 00 00 00
00 00 02 00 00 00 00 00 00 00 14 08 E9 15 AD 92
79 FF 00 00 00 00 09 C9 C7 A2 FE FE FE FF 00 00
00 00 05 00 00 00 5E 88 47 A0 00 00 00 00 00 00
00 00 00 00 00 00 00 00 00 00 55 F0 9D CE 00 00
00 00 00 00 00 00 00 00 00 00 00 00 00 00 01 00
00 00 05 00 00 00 4B C4 36 97 00 00 00 00 00 00
00 00 00 00 00 00 01 00 00 00 00 00 00 00 AC 34
2A 44 49 62 81 FF 00 00 00 00 05 00 00 00 58 4D
42 27 E8 4A 8D 58 62 32 15 F0 A5 80 CF 98 BF 53
06 8C 7E C5 FE DB 00 00 00 00 00 00 00 00 00 00
00 00 00 00 00 00 02 00 00 00 05 00 00 00 4C 6E
6B 31 00 00 00 00 00 00 00 00 00 00 00 00 01 00
00 00 00 00 00 00 97 07 53 BD AD 7A 63 FF 00 00
00 00 05 00 00 00 DB 66 5B 8A 00 00 00 00 00 00
00 00 00 00 00 00 01 00 00 00 00 00 00 00 97 07
53 BD AD 7A 63 FF 00 00 00 00
