02 00 00 00 07 00 00 00 61 4A 6B 14 D5 39 F4 25
49 8A B6 DF 86 A4 99 A9 00 00 00 00 00 00 00 00
00 00 00 00 00 00 00 00 D8 00 00 00 00 00 00 00
94 93 D0 FC F6 67 6C DD D3 40 E7 65 00 00 00 00
0C 00 04 00 04 00 1D 00 34 5C 04 00 34 5C 04 00
3A 0F 01 00 3A 0F 01 00 35 36 01 00 C8 DF 0C 00
C8 DF 0C 00 B6 2B 0E 00 B6 2B 0E 00 09 31 00 00
00 00 02 00 FF FF 19 00 CA A3 09 00 CA A3 09 00
4B 23 04 00 4B 23 04 00 66 4A 03 00 36 20 14 00
36 20 14 00 8B 3D 12 00 8B 3D 12 00 53 6F 02 00
00 00 12 00 00 00 00 00 00 00 00 00 00 00 00 00
79 CD 07 00 79 CD 07 00 EE 4E 0B 00 00 00 00 00
00 00 00 00 BD 82 14 00 BD 82 14 00 A1 5F 09 00
00 00 1C 00 00 00 00 00 00 00 00 00 00 00 00 00
00 00 00 00 00 00 00 00 74 30 0C 00 00 00 00 00
00 00 00 00 00 14 19 00 00 14 19 00 00 00 00 00
FF FF 1D 00 00 00 00 00 07 00 00 00 00 00 00 00
AC 41 63 AB 04 41 5F 75 7D 8A AA DB F6 76 1E FD
58 7B 24 8B 01 00 00 00 00 00 00 00 B9 0D 01 47
50 45 80 BF B3 FA 5C 1D 6E 08 A7 96 E8 39 AB B4
05 00 00 00 00 00 00 00 50 55 BB C5 71 48 60 E1
63 A3 4C 6B 10 03 B4 67 74 E4 09 B7 00 00 00 00
00 00 00 00 95 1A 60 13 68 46 32 FC 94 A1 40 8B
25 87 70 54 7E DC 77 BD 00 00 00 00 00 00 00 00
22 EE 87 17 4E 4E 9C 65 E4 83 01 C4 67 9D 3B 3A
B3 70 96 8F 00 00 00 00 00 00 00 00 E2 04 0B 19
3B 44 48 A4 13 C1 17 62 11 8E BA 08 B1 1B AA 82
00 00 00 00 00 00 00 00 1C BB EF 98 DB 47 80 EA
C3 BD F7 3D 3E 1C 70 28 6F 8A B7 BB 00 00 00 00
06 00 00 00 05 00 00 00 34 EB 8B A9 7D 4E BF 50
B4 CA 33 1D B1 A1 E8 E5 56 EF 75 8C 12 E4 AD 56
00 00 00 00 00 00 00 00 00 00 00 00 00 00 00 00
01 00 00 00 05 00 00 00 8E 9E 12 72 02 00 00 00
00 00 00 00 04 00 00 00 00 00 00 00 00 00 00 00
00 00 00 00 00 00 00 00 00 09 00 00 00 00 00 00
00 00 00 00 00 00 00 00 00 00 19 00 00 00 00 00
00 00 E2 27 77 E8 00 00 80 3F 00 00 00 00 58 CB
61 93 00 00 80 3F 00 00 00 00 0F D2 4A 55 58 75
1B 3F 00 00 00 00 64 12 C4 CF 49 A1 B4 3E 00 00
00 00 B0 83 58 B9 00 00 00 00 00 00 00 00 C3 50
F7 9C 00 00 00 00 00 00 00 00 DF 44 06 A9 00 00
00 00 00 00 00 00 87 A9 71 C8 9A 99 99 3E 00 00
00 00 F4 7A DE ED 9A 99 99 3E 00 00 00 00 E8 6E
2F D8 9A 99 99 3E 00 00 00 00 BA 26 E5 CA 33 33
33 3F 00 00 00 00 02 ED 26 05 00 00 00 00 00 00
00 00 71 3E 89 20 00 00 00 00 00 00 00 00 6D 2A
78 15 00 00 00 00 00 00 00 00 D7 D5 E3 9B 9A 99
99 3E 00 00 00 00 A4 06 4C BE 9A 99 99 3E 00 00
00 00 B8 12 BD 8B 9A 99 99 3E 00 00 00 00 D3 A1
A1 11 33 33 33 3F 00 00 00 00 C3 1A 57 92 00 00
00 00 00 00 00 00 B0 C9 F8 B7 00 00 00 00 00 00
00 00 AC DD 09 82 00 00 00 00 00 00 00 00 E7 01
92 AA 9A 99 99 3E 00 00 00 00 94 D2 3D 8F 9A 99
99 3E 00 00 00 00 88 C6 CC BA 9A 99 99 3E 00 00
00 00 F4 DC 9D 58 33 33 33 3F 00 00 00 00 16 00
00 00 00 00 00 00 97 07 53 BD AA 70 5F FF 00 00
00 00 90 1D 9B B2 00 00 00 FF 00 00 00 00 2F 0E
23 E3 00 00 00 FF 00 00 00 00 36 E7 C0 2E 31 81
4B FF 00 00 00 00 93 1A 08 1A 00 00 00 FF 00 00
00 00 2C 09 B0 4B 00 00 00 FF 00 00 00 00 35 E0
53 86 00 00 00 FF 00 00 00 00 92 E7 86 7D 00 00
00 FF 00 00 00 00 2D F4 3E 2C 00 00 00 FF 00 00
00 00 34 1D DD E1 00 00 00 FF 00 00 00 00 EC 83
A5 64 08 00 00 00 00 00 00 00 18 70 F5 77 08 00
00 00 00 00 00 00 98 E5 F3 E9 00 00 00 00 00 00
00 00 6C 16 A3 FA 00 00 00 00 00 00 00 00 F2 79
B3 3C 08 00 00 00 00 00 00 00 06 8A E3 2F 08 00
00 00 00 00 00 00 F1 62 B7 32 00 00 00 00 00 00
00 00 05 91 E7 21 00 00 00 00 00 00 00 00 57 02
E5 F7 08 00 00 00 00 00 00 00 A3 F1 B5 E4 08 00
00 00 00 00 00 00 D6 1F 8B 7B 00 00 00 00 00 00
00 00 22 EC DB 68 00 00 00 00 00 00 00 00 05 00
00 00 47 69 83 6C 00 00 00 00 00 00 00 00 00 00
00 00 00 00 00 00 5B 89 47 80 00 00 00 00 00 00
00 00 00 00 00 00 00 00 00 00 01 00 00 00 05 00
00 00 17 AD 1F 1F 00 00 00 00 07 00 00 00 00 00
00 00 5A C1 F6 4A B1 B5 B7 3E 00 00 00 00 D9 0B
37 C3 1E B7 D1 3B 00 00 00 00 A3 00 FA B9 3C DF
7F 3F 00 00 00 00 AF F0 FB 62 00 12 03 3A 00 00
00 00 76 40 08 06 04 F7 51 3E 00 00 00 00 C8 A7
9A A5 00 00 80 3F 00 00 00 00 74 B6 7E 02 51 49
1D 3E 00 00 00 00 02 00 00 00 00 00 00 00 14 08
E9 15 FE FE FE FF 00 00 00 00 09 C9 C7 A2 FE FE
FE FF 00 00 00 00 05 00 00 00 93 4D 27 9B 00 00
00 00 00 00 00 00 00 00 00 00 00 00 00 00 A9 5C
56 AC 00 00 00 00 00 00 00 00 00 00 00 00 00 00
00 00 01 00 00 00 05 00 00 00 9B 31 92 87 00 00
00 00 07 00 00 00 00 00 00 00 5A C1 F6 4A 7A 44
02 3F 00 00 00 00 D9 0B 37 C3 AE 68 E9 3C 00 00
00 00 A3 00 FA B9 3C DF 7F 3F 00 00 00 00 AF F0
FB 62 00 12 03 3A 00 00 00 00 76 40 08 06 53 51
B6 3E 00 00 00 00 C8 A7 9A A5 00 00 80 3F 00 00
00 00 74 B6 7E 02 37 0E 01 3D 00 00 00 00 02 00
00 00 00 00 00 00 14 08 E9 15 FE FE FE FF 00 00
00 00 09 C9 C7 A2 FE FE FE FF 00 00 00 00 05 00
00 00 BD C8 8A 07 00 00 00 00 00 00 00 00 00 00
00 00 00 00 00 00 B0 7C 36 91 00 00 00 00 00 00
00 00 00 00 00 00 00 00 00 00 01 00 00 00 05 00
00 00 63 AD 37 9F 00 00 00 00 07 00 00 00 00 00
00 00 5A C1 F6 4A 56 05 02 3F 00 00 00 00 D9 0B
37 C3 AF 7E 5B 3E 00 00 00 00 A3 00 FA B9 3C DF
7F 3F 00 00 00 00 AF F0 FB 62 00 12 03 3A 00 00
00 00 76 40 08 06 E2 FD E3 3E 00 00 00 00 C8 A7
9A A5 41 77 74 3F 00 00 00 00 74 B6 7E 02 00 00
00 00 00 00 00 00 02 00 00 00 00 00 00 00 14 08
E9 15 FE FE FE FF 00 00 00 00 09 C9 C7 A2 FE FE
FE FF 00 00 00 00 05 00 00 00 5E 88 47 A0 00 00
00 00 00 00 00 00 00 00 00 00 00 00 00 00 55 F0
9D CE 00 00 00 00 00 00 00 00 00 00 00 00 00 00
00 00 01 00 00 00 05 00 00 00 4B C4 36 97 00 00
00 00 00 00 00 00 00 00 00 00 01 00 00 00 00 00
00 00 AC 34 2A 44 9C BE E7 FF 00 00 00 00 05 00
00 00 58 4D 42 27 F5 48 68 85 A3 42 50 FA 2D 1B
19 98 DC 02 36 BF 9A 1B B3 61 00 00 00 00 00 00
00 00 00 00 00 00 00 00 00 00 02 00 00 00 05 00
00 00 A9 79 C9 73 00 00 00 00 00 00 00 00 00 00
00 00 01 00 00 00 00 00 00 00 97 07 53 BD AA 70
5F FF 00 00 00 00 05 00 00 00 2C A1 1F A4 00 00
00 00 00 00 00 00 00 00 00 00 01 00 00 00 00 00
00 00 97 07 53 BD AA 70 5F FF 00 00 00 00
