02 00 00 00 07 00 00 00 AD 4C B0 EF 94 4A 79 D0
53 C2 D3 B4 58 25 38 AD 00 00 00 00 00 00 00 00
00 00 00 00 00 00 00 00 D8 00 00 00 00 00 00 00
94 93 D0 FC 54 EB F4 9E 04 52 D7 65 00 00 00 00
0C 00 04 00 04 00 2A 00 61 B1 03 00 61 B1 03 00
66 2C 04 00 66 2C 04 00 A1 27 17 00 23 A0 06 00
23 A0 06 00 6B 2E 0F 00 6B 2E 0F 00 FF FF 00 00
F2 62 05 00 8C 95 20 00 9D 4E 1C 00 9D 4E 1C 00
12 74 07 00 12 74 07 00 D0 B5 26 00 89 13 12 00
89 13 12 00 06 56 21 00 06 56 21 00 00 00 00 00
DA 19 0B 00 A4 3C 21 00 00 00 00 00 00 00 00 00
85 5F 0D 00 85 5F 0D 00 8D 22 2A 00 D2 3D 17 00
D2 3D 17 00 8C 7B 24 00 8C 7B 24 00 00 00 00 00
6A 24 17 00 CE 2D 26 00 00 00 00 00 00 00 00 00
00 00 00 00 00 00 00 00 00 00 00 00 80 0E 24 00
80 0E 24 00 00 00 00 00 00 00 00 00 00 00 00 00
C7 5E 1B 00 00 00 00 00 06 00 00 00 00 00 00 00
AC 41 63 AB 04 41 5F 75 7D 8A AA DB F6 76 1E FD
58 7B 24 8B 01 00 00 00 00 00 00 00 B9 0D 01 47
50 45 80 BF B3 FA 5C 1D 6E 08 A7 96 E8 39 AB B4
04 00 00 00 00 00 00 00 50 55 BB C5 71 48 60 E1
63 A3 4C 6B 10 03 B4 67 74 E4 09 B7 00 00 00 00
00 00 00 00 95 1A 60 13 5F 48 82 D9 17 DC EE 57
22 20 82 F3 1D 16 BC 98 00 00 00 00 00 00 00 00
22 EE 87 17 4E 4E 9C 65 E4 83 01 C4 67 9D 3B 3A
B3 70 96 8F 00 00 00 00 00 00 00 00 E2 04 0B 19
3B 44 48 A4 13 C1 17 62 11 8E BA 08 B1 1B AA 82
00 00 00 00 05 00 00 00 05 00 00 00 34 EB 8B A9
6A 44 54 E7 88 B2 8C AA 4E 91 D9 7A 10 98 F0 B8
4A ED 4D 63 00 00 00 00 00 00 00 00 00 00 00 00
00 00 00 00 01 00 00 00 05 00 00 00 8E 9E 12 72
04 00 00 00 00 00 00 00 04 00 00 00 00 00 00 00
00 00 00 00 00 00 00 00 00 00 00 00 00 09 00 00
00 00 00 00 00 00 00 00 00 00 00 00 00 00 00 00
00 00 0C 44 4F BC 21 B3 F3 43 B6 54 79 FD 40 E1
0D E5 95 00 00 00 00 0E 74 42 4E 92 C7 A0 D0 63
B4 D2 A4 4C 5D 76 62 AF 19 00 00 00 00 00 00 00
E2 27 77 E8 00 00 80 3F 00 00 00 00 58 CB 61 93
00 00 80 3F 00 00 00 00 0F D2 4A 55 04 71 5F 3E
00 00 00 00 64 12 C4 CF 70 43 53 3E 00 00 00 00
B0 83 58 B9 33 33 33 3F 00 00 00 00 C3 50 F7 9C
33 33 33 3F 00 00 00 00 DF 44 06 A9 33 33 33 3F
00 00 00 00 87 A9 71 C8 9A 99 99 3E 00 00 00 00
F4 7A DE ED 9A 99 99 3E 00 00 00 00 E8 6E 2F D8
9A 99 99 3E 00 00 00 00 BA 26 E5 CA 00 00 80 3F
00 00 00 00 02 ED 26 05 00 00 00 00 00 00 00 00
71 3E 89 20 00 00 00 00 00 00 00 00 6D 2A 78 15
00 00 00 00 00 00 00 00 D7 D5 E3 9B 9A 99 99 3E
00 00 00 00 A4 06 4C BE 9A 99 99 3E 00 00 00 00
B8 12 BD 8B 9A 99 99 3E 00 00 00 00 D3 A1 A1 11
CD CC CC 3E 00 00 00 00 C3 1A 57 92 CD CC 4C 3E
00 00 00 00 B0 C9 F8 B7 CD CC 4C 3E 00 00 00 00
AC DD 09 82 CD CC 4C 3E 00 00 00 00 E7 01 92 AA
00 00 00 3F 00 00 00 00 94 D2 3D 8F 00 00 00 3F
00 00 00 00 88 C6 CC BA 00 00 00 3F 00 00 00 00
F4 DC 9D 58 00 00 80 3F 00 00 00 00 16 00 00 00
00 00 00 00 97 07 53 BD BC 88 75 FF 00 00 00 00
90 1D 9B B2 00 00 00 FF 00 00 00 00 2F 0E 23 E3
00 00 00 FF 00 00 00 00 36 E7 C0 2E C9 44 3A FF
00 00 00 00 93 1A 08 1A 00 00 00 FF 00 00 00 00
2C 09 B0 4B 00 00 00 FF 00 00 00 00 35 E0 53 86
E5 68 59 FF 00 00 00 00 92 E7 86 7D 00 00 00 FF
00 00 00 00 2D F4 3E 2C 00 00 00 FF 00 00 00 00
34 1D DD E1 E5 5D 59 FF 00 00 00 00 EC 83 A5 64
08 00 00 00 00 00 00 00 18 70 F5 77 08 00 00 00
00 00 00 00 98 E5 F3 E9 00 00 00 00 00 00 00 00
6C 16 A3 FA 00 00 00 00 00 00 00 00 F2 79 B3 3C
08 00 00 00 00 00 00 00 06 8A E3 2F 08 00 00 00
00 00 00 00 F1 62 B7 32 00 00 00 00 00 00 00 00
05 91 E7 21 00 00 00 00 00 00 00 00 57 02 E5 F7
08 00 00 00 00 00 00 00 A3 F1 B5 E4 08 00 00 00
00 00 00 00 D6 1F 8B 7B 00 00 00 00 00 00 00 00
22 EC DB 68 00 00 00 00 00 00 00 00 05 00 00 00
47 69 83 6C 00 00 00 00 00 00 00 00 00 00 00 00
00 00 00 00 5B 91 F9 F2 00 00 00 00 00 00 00 00
00 00 00 00 00 00 00 00 01 00 00 00 05 00 00 00
02 0B 17 13 00 00 00 00 07 00 00 00 00 00 00 00
5A C1 F6 4A 00 00 80 3F 00 00 00 00 D9 0B 37 C3
32 B7 98 3E 00 00 00 00 A3 00 FA B9 3C DF 7F 3F
00 00 00 00 AF F0 FB 62 00 12 03 3A 00 00 00 00
76 40 08 06 00 00 80 3F 00 00 00 00 C8 A7 9A A5
00 00 80 3F 00 00 00 00 74 B6 7E 02 02 7C 9A 3E
00 00 00 00 02 00 00 00 00 00 00 00 14 08 E9 15
D6 43 60 FF 00 00 00 00 09 C9 C7 A2 FE FE FE FF
00 00 00 00 05 00 00 00 BD C8 8A 07 00 00 00 00
00 00 00 00 00 00 00 00 00 00 00 00 6B 5D F9 3B
00 00 00 00 00 00 00 00 00 00 00 00 00 00 00 00
01 00 00 00 05 00 00 00 63 AD 37 9F 00 00 00 00
07 00 00 00 00 00 00 00 5A C1 F6 4A 00 00 00 00
00 00 00 00 D9 0B 37 C3 00 00 00 00 00 00 00 00
A3 00 FA B9 3C DF 7F 3F 00 00 00 00 AF F0 FB 62
00 12 03 3A 00 00 00 00 76 40 08 06 00 00 00 00
00 00 00 00 C8 A7 9A A5 00 00 80 3F 00 00 00 00
74 B6 7E 02 00 00 00 00 00 00 00 00 02 00 00 00
00 00 00 00 14 08 E9 15 FE FE FE FF 00 00 00 00
09 C9 C7 A2 FE FE FE FF 00 00 00 00 05 00 00 00
5E 88 47 A0 00 00 00 00 00 00 00 00 00 00 00 00
00 00 00 00 55 F0 9D CE 00 00 00 00 00 00 00 00
00 00 00 00 00 00 00 00 01 00 00 00 05 00 00 00
4B C4 36 97 00 00 00 00 00 00 00 00 00 00 00 00
01 00 00 00 00 00 00 00 AC 34 2A 44 9C BE E7 FF
00 00 00 00 05 00 00 00 58 4D 42 27 E8 4A 8D 58
62 32 15 F0 A5 80 CF 98 BF 53 06 8C 7E C5 FE DB
00 00 00 00 00 00 00 00 00 00 00 00 00 00 00 00
02 00 00 00 05 00 00 00 4C 6E 6B 31 00 00 00 00
00 00 00 00 00 00 00 00 01 00 00 00 00 00 00 00
97 07 53 BD BC 88 75 FF 00 00 00 00 05 00 00 00
DB 66 5B 8A 00 00 00 00 00 00 00 00 00 00 00 00
01 00 00 00 00 00 00 00 97 07 53 BD BC 88 75 FF
00 00 00 00
