02 00 00 00 07 00 00 00 AD 4C B0 EF 94 4A 79 D0
53 C2 D3 B4 58 25 38 AD 00 00 00 00 00 00 00 00
00 00 00 00 00 00 00 00 D8 00 00 00 00 00 00 00
94 93 D0 FC 54 EB F4 9E 04 52 D7 65 00 00 00 00
0C 00 04 00 04 00 26 00 00 00 03 00 00 00 03 00
94 24 04 00 94 24 04 00 00 00 05 00 12 24 12 00
12 24 12 00 37 50 04 00 37 50 04 00 00 00 03 00
25 45 07 00 00 00 0A 00 C8 37 05 00 C8 37 05 00
CB 6D 05 00 CB 6D 05 00 B3 7A 0E 00 11 68 17 00
11 68 17 00 00 00 0B 00 00 00 0B 00 19 2C 04 00
87 78 08 00 01 72 0E 00 13 37 08 00 13 37 08 00
9F 6D 06 00 9F 6D 06 00 98 3A 12 00 DA 73 24 00
DA 73 24 00 EC 79 12 00 EC 79 12 00 00 00 0B 00
51 42 1B 00 4A 34 19 00 23 91 0A 00 23 91 0A 00
00 00 09 00 00 00 09 00 B3 4A 26 00 00 00 25 00
00 00 25 00 DA 35 17 00 DA 35 17 00 E5 D3 0C 00
00 00 25 00 B2 59 20 00 06 00 00 00 00 00 00 00
AC 41 63 AB 04 41 5F 75 7D 8A AA DB F6 76 1E FD
58 7B 24 8B 01 00 00 00 00 00 00 00 B9 0D 01 47
50 45 80 BF B3 FA 5C 1D 6E 08 A7 96 E8 39 AB B4
04 00 00 00 00 00 00 00 50 55 BB C5 71 48 60 E1
63 A3 4C 6B 10 03 B4 67 74 E4 09 B7 00 00 00 00
00 00 00 00 95 1A 60 13 5B 45 3A 3A 2A AC BE A8
19 04 29 DF CA CF 2B 9D 00 00 00 00 00 00 00 00
22 EE 87 17 4E 4E 9C 65 E4 83 01 C4 67 9D 3B 3A
B3 70 96 8F 00 00 00 00 00 00 00 00 E2 04 0B 19
3B 44 48 A4 13 C1 17 62 11 8E BA 08 B1 1B AA 82
00 00 00 00 06 00 00 00 05 00 00 00 34 EB 8B A9
C8 4F 2F FF 70 9E 62 5D 4D 4D 49 F5 89 B9 9C 82
25 D1 76 EF 00 00 00 00 00 00 00 00 00 00 00 00
00 00 00 00 01 00 00 00 05 00 00 00 05 8A 37 A5
04 00 00 00 00 00 00 00 04 00 00 00 00 00 00 00
00 00 00 00 00 00 00 00 00 00 00 00 00 09 00 00
00 00 00 00 00 00 00 00 00 00 00 00 00 00 00 00
00 00 0C 44 4F BC 21 B3 F3 43 B6 54 79 FD 40 E1
0D E5 95 00 00 00 00 0E EC 45 F4 2B CD D3 19 8F
48 6E 2C A8 80 77 89 81 19 00 00 00 00 00 00 00
E2 27 77 E8 AE BC 48 3F 00 00 00 00 58 CB 61 93
CD 77 FA 3E 00 00 00 00 0F D2 4A 55 0A 96 40 3E
00 00 00 00 64 12 C4 CF 8D EC C5 3D 00 00 00 00
B0 83 58 B9 33 33 33 3F 00 00 00 00 C3 50 F7 9C
33 33 33 3F 00 00 00 00 DF 44 06 A9 33 33 33 3F
00 00 00 00 87 A9 71 C8 9A 99 99 3E 00 00 00 00
F4 7A DE ED 9A 99 99 3E 00 00 00 00 E8 6E 2F D8
9A 99 99 3E 00 00 00 00 BA 26 E5 CA 00 00 80 3F
00 00 00 00 02 ED 26 05 00 00 00 00 00 00 00 00
71 3E 89 20 00 00 00 00 00 00 00 00 6D 2A 78 15
00 00 00 00 00 00 00 00 D7 D5 E3 9B 9A 99 99 3E
00 00 00 00 A4 06 4C BE 9A 99 99 3E 00 00 00 00
B8 12 BD 8B 9A 99 99 3E 00 00 00 00 D3 A1 A1 11
CD CC CC 3E 00 00 00 00 C3 1A 57 92 CD CC 4C 3E
00 00 00 00 B0 C9 F8 B7 CD CC 4C 3E 00 00 00 00
AC DD 09 82 CD CC 4C 3E 00 00 00 00 E7 01 92 AA
00 00 00 3F 00 00 00 00 94 D2 3D 8F 00 00 00 3F
00 00 00 00 88 C6 CC BA 00 00 00 3F 00 00 00 00
F4 DC 9D 58 A1 0B 90 3E 00 00 00 00 16 00 00 00
00 00 00 00 97 07 53 BD 9B 65 50 FF 00 00 00 00
90 1D 9B B2 1D 00 0A FF 00 00 00 00 2F 0E 23 E3
33 05 11 FF 00 00 00 00 36 E7 C0 2E 29 88 7B FF
00 00 00 00 93 1A 08 1A 00 00 00 FF 00 00 00 00
2C 09 B0 4B 00 00 00 FF 00 00 00 00 35 E0 53 86
8C 00 44 FF 00 00 00 00 92 E7 86 7D A8 4E 4E FF
00 00 00 00 2D F4 3E 2C 48 15 15 FF 00 00 00 00
34 1D DD E1 85 24 29 FF 00 00 00 00 EC 83 A5 64
08 00 00 00 00 00 00 00 18 70 F5 77 08 00 00 00
00 00 00 00 98 E5 F3 E9 00 00 00 00 00 00 00 00
6C 16 A3 FA 00 00 00 00 00 00 00 00 F2 79 B3 3C
08 00 00 00 00 00 00 00 06 8A E3 2F 08 00 00 00
00 00 00 00 F1 62 B7 32 00 00 00 00 00 00 00 00
05 91 E7 21 00 00 00 00 00 00 00 00 57 02 E5 F7
08 00 00 00 00 00 00 00 A3 F1 B5 E4 08 00 00 00
00 00 00 00 D6 1F 8B 7B 00 00 00 00 00 00 00 00
22 EC DB 68 00 00 00 00 00 00 00 00 05 00 00 00
47 69 83 6C 00 00 00 00 00 00 00 00 00 00 00 00
00 00 00 00 2C A6 0C 40 00 00 00 00 00 00 00 00
00 00 00 00 00 00 00 00 01 00 00 00 05 00 00 00
1F C5 58 BF 00 00 00 00 07 00 00 00 00 00 00 00
5A C1 F6 4A 00 00 00 00 00 00 00 00 D9 0B 37 C3
00 00 00 00 00 00 00 00 A3 00 FA B9 C0 AF 7F 3F
00 00 00 00 AF F0 FB 62 11 0A 3D 3D 00 00 00 00
76 40 08 06 00 00 00 00 00 00 00 00 C8 A7 9A A5
13 03 BF 3E 00 00 00 00 74 B6 7E 02 00 00 00 00
00 00 00 00 02 00 00 00 00 00 00 00 14 08 E9 15
FE FE FE FF 00 00 00 00 09 C9 C7 A2 FE FE FE FF
00 00 00 00 05 00 00 00 93 4D 27 9B 00 00 00 00
00 00 00 00 00 00 00 00 00 00 00 00 6D EB BE 3C
00 00 00 00 00 00 00 00 00 00 00 00 00 00 00 00
01 00 00 00 05 00 00 00 87 25 63 B2 00 00 00 00
07 00 00 00 00 00 00 00 5A C1 F6 4A 00 00 00 00
00 00 00 00 D9 0B 37 C3 F8 33 9C 3D 00 00 00 00
A3 00 FA B9 E9 A4 CF 3E 00 00 00 00 AF F0 FB 62
5B 87 13 3E 00 00 00 00 76 40 08 06 00 00 00 00
00 00 00 00 C8 A7 9A A5 00 00 00 3F 00 00 00 00
74 B6 7E 02 00 00 00 00 00 00 00 00 02 00 00 00
00 00 00 00 14 08 E9 15 D1 B7 9F FF 00 00 00 00
09 C9 C7 A2 FE FE FE FF 00 00 00 00 05 00 00 00
BD C8 8A 07 00 00 00 00 00 00 00 00 00 00 00 00
00 00 00 00 6B 5D F9 3B 00 00 00 00 00 00 00 00
00 00 00 00 00 00 00 00 01 00 00 00 05 00 00 00
63 AD 37 9F 00 00 00 00 07 00 00 00 00 00 00 00
5A C1 F6 4A 00 00 00 00 00 00 00 00 D9 0B 37 C3
00 00 00 00 00 00 00 00 A3 00 FA B9 68 07 7F 3F
00 00 00 00 AF F0 FB 62 11 21 73 3B 00 00 00 00
76 40 08 06 00 00 00 00 00 00 00 00 C8 A7 9A A5
00 00 00 3F 00 00 00 00 74 B6 7E 02 00 00 00 00
00 00 00 00 02 00 00 00 00 00 00 00 14 08 E9 15
FE FE FE FF 00 00 00 00 09 C9 C7 A2 FE FE FE FF
00 00 00 00 05 00 00 00 5E 88 47 A0 00 00 00 00
00 00 00 00 00 00 00 00 00 00 00 00 55 F0 9D CE
00 00 00 00 00 00 00 00 00 00 00 00 00 00 00 00
01 00 00 00 05 00 00 00 4B C4 36 97 00 00 00 00
00 00 00 00 00 00 00 00 01 00 00 00 00 00 00 00
AC 34 2A 44 1A 0D 02 FF 00 00 00 00 05 00 00 00
58 4D 42 27 E8 4A 8D 58 62 32 15 F0 A5 80 CF 98
BF 53 06 8C 7E C5 FE DB 00 00 00 00 00 00 00 00
00 00 00 00 00 00 00 00 02 00 00 00 05 00 00 00
4C 6E 6B 31 00 00 00 00 00 00 00 00 00 00 00 00
01 00 00 00 00 00 00 00 97 07 53 BD 9B 65 50 FF
00 00 00 00 05 00 00 00 DB 66 5B 8A 00 00 00 00
00 00 00 00 00 00 00 00 01 00 00 00 00 00 00 00
97 07 53 BD 9B 65 50 FF 00 00 00 00
