02 00 00 00 07 00 00 00 61 4A 6B 14 D5 39 F4 25
49 8A B6 DF 86 A4 99 A9 00 00 00 00 00 00 00 00
00 00 00 00 00 00 00 00 D8 00 00 00 00 00 00 00
94 93 D0 FC F6 67 6C DD D3 40 E7 65 00 00 00 00
0C 00 04 00 04 00 1E 00 00 00 05 00 00 00 05 00
0C 65 03 00 0C 65 03 00 61 BD 08 00 00 00 05 00
00 00 05 00 B3 B0 01 00 B3 B0 01 00 9C CC 03 00
6E 9C 08 00 00 00 02 00 27 0F 08 00 27 0F 08 00
F2 9A 0B 00 F2 9A 0B 00 9D 42 0B 00 D8 55 06 00
D8 55 06 00 4B 4F 07 00 4B 4F 07 00 62 33 05 00
90 63 1E 00 2D C9 0E 00 05 3F 09 00 05 3F 09 00
00 00 00 00 00 00 00 00 00 00 00 00 F0 95 08 00
F0 95 08 00 00 00 00 00 00 00 00 00 00 00 00 00
00 00 00 00 D1 36 18 00 D1 B1 0B 00 D1 B1 0B 00
00 00 00 00 00 00 00 00 00 00 00 00 35 14 19 00
35 14 19 00 00 00 00 00 00 00 00 00 00 00 00 00
00 00 00 00 00 00 19 00 07 00 00 00 00 00 00 00
AC 41 63 AB 04 41 5F 75 7D 8A AA DB F6 76 1E FD
58 7B 24 8B 01 00 00 00 00 00 00 00 B9 0D 01 47
50 45 80 BF B3 FA 5C 1D 6E 08 A7 96 E8 39 AB B4
05 00 00 00 00 00 00 00 50 55 BB C5 71 48 60 E1
63 A3 4C 6B 10 03 B4 67 74 E4 09 B7 00 00 00 00
00 00 00 00 95 1A 60 13 F6 44 66 E8 64 54 00 73
B3 5F B1 BC 91 C0 92 A1 00 00 00 00 00 00 00 00
22 EE 87 17 5C 42 4C 4A EB 5D A6 41 4B DD EC 64
D2 E6 25 88 00 00 00 00 00 00 00 00 E2 04 0B 19
3B 44 48 A4 13 C1 17 62 11 8E BA 08 B1 1B AA 82
00 00 00 00 00 00 00 00 1C BB EF 98 98 4D 51 A1
49 33 E8 8C FC C5 8B BB 10 D7 07 AB 00 00 00 00
06 00 00 00 05 00 00 00 34 EB 8B A9 68 47 B6 8B
C3 B6 8A 53 5F C6 E9 87 63 CC D1 9A 28 8F EF 26
00 00 00 00 00 00 00 00 00 00 00 00 00 00 00 00
01 00 00 00 05 00 00 00 8E 9E 12 72 02 00 00 00
00 00 00 00 04 00 00 00 00 00 00 00 00 00 00 00
00 00 00 00 00 00 00 00 00 09 00 00 00 00 00 00
00 00 00 00 00 00 00 00 00 00 19 00 00 00 00 00
00 00 E2 27 77 E8 EE D2 03 3D 00 00 00 00 58 CB
61 93 03 7A F8 3E 00 00 00 00 0F D2 4A 55 D6 9F
06 3F 00 00 00 00 64 12 C4 CF 3D 86 64 3F 00 00
00 00 B0 83 58 B9 33 33 33 3F 00 00 00 00 C3 50
F7 9C 33 33 33 3F 00 00 00 00 DF 44 06 A9 33 33
33 3F 00 00 00 00 87 A9 71 C8 9A 99 99 3E 00 00
00 00 F4 7A DE ED 9A 99 99 3E 00 00 00 00 E8 6E
2F D8 9A 99 99 3E 00 00 00 00 BA 26 E5 CA 00 00
80 3F 00 00 00 00 02 ED 26 05 00 00 00 00 00 00
00 00 71 3E 89 20 00 00 00 00 00 00 00 00 6D 2A
78 15 00 00 00 00 00 00 00 00 D7 D5 E3 9B 9A 99
99 3E 00 00 00 00 A4 06 4C BE 9A 99 99 3E 00 00
00 00 B8 12 BD 8B 9A 99 99 3E 00 00 00 00 D3 A1
A1 11 CD CC CC 3E 00 00 00 00 C3 1A 57 92 CD CC
4C 3E 00 00 00 00 B0 C9 F8 B7 CD CC 4C 3E 00 00
00 00 AC DD 09 82 CD CC 4C 3E 00 00 00 00 E7 01
92 AA 00 00 00 3F 00 00 00 00 94 D2 3D 8F 00 00
00 3F 00 00 00 00 88 C6 CC BA 00 00 00 3F 00 00
00 00 F4 DC 9D 58 00 00 80 3F 00 00 00 00 16 00
00 00 00 00 00 00 97 07 53 BD B1 75 56 FF 00 00
00 00 90 1D 9B B2 00 00 00 FF 00 00 00 00 2F 0E
23 E3 00 00 00 FF 00 00 00 00 36 E7 C0 2E 00 00
00 FF 00 00 00 00 93 1A 08 1A 00 00 00 FF 00 00
00 00 2C 09 B0 4B 00 00 00 FF 00 00 00 00 35 E0
53 86 68 45 D0 FF 00 00 00 00 92 E7 86 7D 00 00
00 FF 00 00 00 00 2D F4 3E 2C 00 00 00 FF 00 00
00 00 34 1D DD E1 00 00 00 FF 00 00 00 00 EC 83
A5 64 08 00 00 00 00 00 00 00 18 70 F5 77 08 00
00 00 00 00 00 00 98 E5 F3 E9 00 00 00 00 00 00
00 00 6C 16 A3 FA 00 00 00 00 00 00 00 00 F2 79
B3 3C 08 00 00 00 00 00 00 00 06 8A E3 2F 08 00
00 00 00 00 00 00 F1 62 B7 32 00 00 00 00 00 00
00 00 05 91 E7 21 00 00 00 00 00 00 00 00 57 02
E5 F7 08 00 00 00 00 00 00 00 A3 F1 B5 E4 08 00
00 00 00 00 00 00 D6 1F 8B 7B 00 00 00 00 00 00
00 00 22 EC DB 68 00 00 00 00 00 00 00 00 05 00
00 00 47 69 83 6C 00 00 00 00 00 00 00 00 00 00
00 00 00 00 00 00 9E 5A FD D4 00 00 00 00 00 00
00 00 00 00 00 00 00 00 00 00 01 00 00 00 05 00
00 00 17 AD 1F 1F 00 00 00 00 07 00 00 00 00 00
00 00 5A C1 F6 4A CC D8 39 3F 00 00 00 00 D9 0B
37 C3 00 00 00 00 00 00 00 00 A3 00 FA B9 FC FB
39 3F 00 00 00 00 AF F0 FB 62 AA 28 E8 3E 00 00
00 00 76 40 08 06 00 00 00 00 00 00 00 00 C8 A7
9A A5 00 00 00 3F 00 00 00 00 74 B6 7E 02 00 00
00 00 00 00 00 00 02 00 00 00 00 00 00 00 14 08
E9 15 37 30 94 FF 00 00 00 00 09 C9 C7 A2 FE FE
FE FF 00 00 00 00 05 00 00 00 93 4D 27 9B 00 00
00 00 00 00 00 00 00 00 00 00 00 00 00 00 FA A5
DC A7 00 00 00 00 00 00 00 00 00 00 00 00 00 00
00 00 01 00 00 00 05 00 00 00 82 71 EC 41 00 00
00 00 07 00 00 00 00 00 00 00 5A C1 F6 4A 00 00
00 00 00 00 00 00 D9 0B 37 C3 29 B3 11 3E 00 00
00 00 A3 00 FA B9 FC FB 39 3F 00 00 00 00 AF F0
FB 62 AA 28 E8 3E 00 00 00 00 76 40 08 06 00 00
00 00 00 00 00 00 C8 A7 9A A5 00 00 00 3F 00 00
00 00 74 B6 7E 02 00 00 00 00 00 00 00 00 02 00
00 00 00 00 00 00 14 08 E9 15 B7 9D 7C FF 00 00
00 00 09 C9 C7 A2 FE FE FE FF 00 00 00 00 05 00
00 00 BD C8 8A 07 00 00 00 00 00 00 00 00 00 00
00 00 00 00 00 00 04 EB 4F F8 00 00 00 00 00 00
00 00 00 00 00 00 00 00 00 00 01 00 00 00 05 00
00 00 74 5B 86 4E 00 00 00 00 07 00 00 00 00 00
00 00 5A C1 F6 4A 00 00 00 00 00 00 00 00 D9 0B
37 C3 00 00 00 00 00 00 00 00 A3 00 FA B9 FC FB
39 3F 00 00 00 00 AF F0 FB 62 AA 28 E8 3E 00 00
00 00 76 40 08 06 00 00 00 00 00 00 00 00 C8 A7
9A A5 00 00 00 3F 00 00 00 00 74 B6 7E 02 00 00
00 00 00 00 00 00 02 00 00 00 00 00 00 00 14 08
E9 15 FE FE FE FF 00 00 00 00 09 C9 C7 A2 FE FE
FE FF 00 00 00 00 05 00 00 00 5E 88 47 A0 00 00
00 00 00 00 00 00 00 00 00 00 00 00 00 00 55 F0
9D CE 00 00 00 00 00 00 00 00 00 00 00 00 00 00
00 00 01 00 00 00 05 00 00 00 4B C4 36 97 00 00
00 00 00 00 00 00 00 00 00 00 01 00 00 00 00 00
00 00 AC 34 2A 44 7B 96 B5 FF 00 00 00 00 05 00
00 00 58 4D 42 27 F5 48 68 85 A3 42 50 FA 2D 1B
19 98 DC 02 36 BF 9A 1B B3 61 00 00 00 00 00 00
00 00 00 00 00 00 00 00 00 00 02 00 00 00 05 00
00 00 A9 79 C9 73 00 00 00 00 00 00 00 00 00 00
00 00 01 00 00 00 00 00 00 00 97 07 53 BD B1 75
56 FF 00 00 00 00 05 00 00 00 2C A1 1F A4 00 00
00 00 00 00 00 00 00 00 00 00 01 00 00 00 00 00
00 00 97 07 53 BD B1 75 56 FF 00 00 00 00
